i	j	b_idx	d[nm]	k[kJ/mol/nm^2]
1	2	0	0.3800	8033.0000
2	3	1	0.3800	8033.0000
3	4	2	0.3800	8033.0000
4	5	3	0.3800	8033.0000
5	6	4	0.3800	8033.0000
6	7	5	0.3800	8033.0000
7	8	6	0.3800	8033.0000
8	9	7	0.3800	8033.0000
9	10	8	0.3800	8033.0000
10	11	9	0.3800	8033.0000
11	12	10	0.3800	8033.0000
12	13	11	0.3800	8033.0000
13	14	12	0.3800	8033.0000
14	15	13	0.3800	8033.0000
15	16	14	0.3800	8033.0000
16	17	15	0.3800	8033.0000
17	18	16	0.3800	8033.0000
18	19	17	0.3800	8033.0000
19	20	18	0.3800	8033.0000
20	21	19	0.3800	8033.0000
21	22	20	0.3800	8033.0000
22	23	21	0.3800	8033.0000
23	24	22	0.3800	8033.0000
24	25	23	0.3800	8033.0000
25	26	24	0.3800	8033.0000
26	27	25	0.3800	8033.0000
27	28	26	0.3800	8033.0000
28	29	27	0.3800	8033.0000
29	30	28	0.3800	8033.0000
30	31	29	0.3800	8033.0000
31	32	30	0.3800	8033.0000
32	33	31	0.3800	8033.0000
33	34	32	0.3800	8033.0000
34	35	33	0.3800	8033.0000
35	36	34	0.3800	8033.0000
36	37	35	0.3800	8033.0000
37	38	36	0.3800	8033.0000
38	39	37	0.3800	8033.0000
39	40	38	0.3800	8033.0000
40	41	39	0.3800	8033.0000
41	42	40	0.3800	8033.0000
42	43	41	0.3800	8033.0000
43	44	42	0.3800	8033.0000
44	45	43	0.3800	8033.0000
45	46	44	0.3800	8033.0000
46	47	45	0.3800	8033.0000
47	48	46	0.3800	8033.0000
48	49	47	0.3800	8033.0000
49	50	48	0.3800	8033.0000
50	51	49	0.3800	8033.0000
51	52	50	0.3800	8033.0000
52	53	51	0.3800	8033.0000
53	54	52	0.3800	8033.0000
54	55	53	0.3800	8033.0000
55	56	54	0.3800	8033.0000
56	57	55	0.3800	8033.0000
57	58	56	0.3800	8033.0000
58	59	57	0.3800	8033.0000
59	60	58	0.3800	8033.0000
60	61	59	0.3800	8033.0000
61	62	60	0.3800	8033.0000
62	63	61	0.3800	8033.0000
63	64	62	0.3800	8033.0000
64	65	63	0.3800	8033.0000
65	66	64	0.3800	8033.0000
66	67	65	0.3800	8033.0000
67	68	66	0.3800	8033.0000
68	69	67	0.3800	8033.0000
69	70	68	0.3800	8033.0000
70	71	69	0.3800	8033.0000
71	72	70	0.3800	8033.0000
72	73	71	0.3800	8033.0000
73	74	72	0.3800	8033.0000
74	75	73	0.3800	8033.0000
75	76	74	0.3800	8033.0000
76	77	75	0.3800	8033.0000
77	78	76	0.3800	8033.0000
78	79	77	0.3800	8033.0000
79	80	78	0.3800	8033.0000
80	81	79	0.3800	8033.0000
81	82	80	0.3800	8033.0000
82	83	81	0.3800	8033.0000
83	84	82	0.3800	8033.0000
84	85	83	0.3800	8033.0000
85	86	84	0.3800	8033.0000
86	87	85	0.3800	8033.0000
87	88	86	0.3800	8033.0000
88	89	87	0.3800	8033.0000
89	90	88	0.3800	8033.0000
90	91	89	0.3800	8033.0000
91	92	90	0.3800	8033.0000
92	93	91	0.3800	8033.0000
93	94	92	0.3800	8033.0000
94	95	93	0.3800	8033.0000
95	96	94	0.3800	8033.0000
96	97	95	0.3800	8033.0000
97	98	96	0.3800	8033.0000
98	99	97	0.3800	8033.0000
99	100	98	0.3800	8033.0000
100	101	99	0.3800	8033.0000
101	102	100	0.3800	8033.0000
102	103	101	0.3800	8033.0000
103	104	102	0.3800	8033.0000
104	105	103	0.3800	8033.0000
105	106	104	0.3800	8033.0000
106	107	105	0.3800	8033.0000
107	108	106	0.3800	8033.0000
108	109	107	0.3800	8033.0000
109	110	108	0.3800	8033.0000
110	111	109	0.3800	8033.0000
111	112	110	0.3800	8033.0000
112	113	111	0.3800	8033.0000
113	114	112	0.3800	8033.0000
114	115	113	0.3800	8033.0000
115	116	114	0.3800	8033.0000
116	117	115	0.3800	8033.0000
117	118	116	0.3800	8033.0000
118	119	117	0.3800	8033.0000
119	120	118	0.3800	8033.0000
120	121	119	0.3800	8033.0000
121	122	120	0.3800	8033.0000
122	123	121	0.3800	8033.0000
123	124	122	0.3800	8033.0000
124	125	123	0.3800	8033.0000
125	126	124	0.3800	8033.0000
126	127	125	0.3800	8033.0000
127	128	126	0.3800	8033.0000
128	129	127	0.3800	8033.0000
129	130	128	0.3800	8033.0000
130	131	129	0.3800	8033.0000
131	132	130	0.3800	8033.0000
132	133	131	0.3800	8033.0000
133	134	132	0.3800	8033.0000
134	135	133	0.3800	8033.0000
135	136	134	0.3800	8033.0000
136	137	135	0.3800	8033.0000
137	138	136	0.3800	8033.0000
138	139	137	0.3800	8033.0000
139	140	138	0.3800	8033.0000
140	141	139	0.3800	8033.0000
141	142	140	0.3800	8033.0000
142	143	141	0.3800	8033.0000
143	144	142	0.3800	8033.0000
144	145	143	0.3800	8033.0000
145	146	144	0.3800	8033.0000
146	147	145	0.3800	8033.0000
147	148	146	0.3800	8033.0000
148	149	147	0.3800	8033.0000
149	150	148	0.3800	8033.0000
150	151	149	0.3800	8033.0000
151	152	150	0.3800	8033.0000
152	153	151	0.3800	8033.0000
153	154	152	0.3800	8033.0000
154	155	153	0.3800	8033.0000
155	156	154	0.3800	8033.0000
156	157	155	0.3800	8033.0000
157	158	156	0.3800	8033.0000
158	159	157	0.3800	8033.0000
159	160	158	0.3800	8033.0000
160	161	159	0.3800	8033.0000
161	162	160	0.3800	8033.0000
162	163	161	0.3800	8033.0000
163	164	162	0.3800	8033.0000
164	165	163	0.3800	8033.0000
165	166	164	0.3800	8033.0000
166	167	165	0.3800	8033.0000
167	168	166	0.3800	8033.0000
168	169	167	0.3800	8033.0000
169	170	168	0.3800	8033.0000
170	171	169	0.3800	8033.0000
171	172	170	0.3800	8033.0000
172	173	171	0.3800	8033.0000
173	174	172	0.3800	8033.0000
174	175	173	0.3800	8033.0000
175	176	174	0.3800	8033.0000
176	177	175	0.3800	8033.0000
177	178	176	0.3800	8033.0000
178	179	177	0.3800	8033.0000
179	180	178	0.3800	8033.0000
180	181	179	0.3800	8033.0000
181	182	180	0.3800	8033.0000
182	183	181	0.3800	8033.0000
183	184	182	0.3800	8033.0000
184	185	183	0.3800	8033.0000
185	186	184	0.3800	8033.0000
186	187	185	0.3800	8033.0000
187	188	186	0.3800	8033.0000
188	189	187	0.3800	8033.0000
189	190	188	0.3800	8033.0000
190	191	189	0.3800	8033.0000
191	192	190	0.3800	8033.0000
192	193	191	0.3800	8033.0000
193	194	192	0.3800	8033.0000
194	195	193	0.3800	8033.0000
195	196	194	0.3800	8033.0000
196	197	195	0.3800	8033.0000
197	198	196	0.3800	8033.0000
198	199	197	0.3800	8033.0000
199	200	198	0.3800	8033.0000
200	201	199	0.3800	8033.0000
201	202	200	0.3800	8033.0000
202	203	201	0.3800	8033.0000
203	204	202	0.3800	8033.0000
204	205	203	0.3800	8033.0000
205	206	204	0.3800	8033.0000
206	207	205	0.3800	8033.0000
207	208	206	0.3800	8033.0000
208	209	207	0.3800	8033.0000
209	210	208	0.3800	8033.0000
210	211	209	0.3800	8033.0000
211	212	210	0.3800	8033.0000
212	213	211	0.3800	8033.0000
213	214	212	0.3800	8033.0000
214	215	213	0.3800	8033.0000
215	216	214	0.3800	8033.0000
216	217	215	0.3800	8033.0000
217	218	216	0.3800	8033.0000
218	219	217	0.3800	8033.0000
219	220	218	0.3800	8033.0000
220	221	219	0.3800	8033.0000
221	222	220	0.3800	8033.0000
222	223	221	0.3800	8033.0000
223	224	222	0.3800	8033.0000
224	225	223	0.3800	8033.0000
225	226	224	0.3800	8033.0000
226	227	225	0.3800	8033.0000
227	228	226	0.3800	8033.0000
228	229	227	0.3800	8033.0000
229	230	228	0.3800	8033.0000
230	231	229	0.3800	8033.0000
231	232	230	0.3800	8033.0000
232	233	231	0.3800	8033.0000
233	234	232	0.3800	8033.0000
234	235	233	0.3800	8033.0000
235	236	234	0.3800	8033.0000
236	237	235	0.3800	8033.0000
237	238	236	0.3800	8033.0000
238	239	237	0.3800	8033.0000
239	240	238	0.3800	8033.0000
240	241	239	0.3800	8033.0000
241	242	240	0.3800	8033.0000
242	243	241	0.3800	8033.0000
243	244	242	0.3800	8033.0000
244	245	243	0.3800	8033.0000
245	246	244	0.3800	8033.0000
246	247	245	0.3800	8033.0000
247	248	246	0.3800	8033.0000
248	249	247	0.3800	8033.0000
249	250	248	0.3800	8033.0000
250	251	249	0.3800	8033.0000
251	252	250	0.3800	8033.0000
252	253	251	0.3800	8033.0000
253	254	252	0.3800	8033.0000
254	255	253	0.3800	8033.0000
255	256	254	0.3800	8033.0000
256	257	255	0.3800	8033.0000
257	258	256	0.3800	8033.0000
258	259	257	0.3800	8033.0000
259	260	258	0.3800	8033.0000
260	261	259	0.3800	8033.0000
261	262	260	0.3800	8033.0000
262	263	261	0.3800	8033.0000
263	264	262	0.3800	8033.0000
264	265	263	0.3800	8033.0000
265	266	264	0.3800	8033.0000
266	267	265	0.3800	8033.0000
267	268	266	0.3800	8033.0000
268	269	267	0.3800	8033.0000
269	270	268	0.3800	8033.0000
270	271	269	0.3800	8033.0000
271	272	270	0.3800	8033.0000
272	273	271	0.3800	8033.0000
273	274	272	0.3800	8033.0000
274	275	273	0.3800	8033.0000
275	276	274	0.3800	8033.0000
276	277	275	0.3800	8033.0000
277	278	276	0.3800	8033.0000
278	279	277	0.3800	8033.0000
279	280	278	0.3800	8033.0000
280	281	279	0.3800	8033.0000
281	282	280	0.3800	8033.0000
282	283	281	0.3800	8033.0000
283	284	282	0.3800	8033.0000
284	285	283	0.3800	8033.0000
285	286	284	0.3800	8033.0000
286	287	285	0.3800	8033.0000
287	288	286	0.3800	8033.0000
288	289	287	0.3800	8033.0000
289	290	288	0.3800	8033.0000
290	291	289	0.3800	8033.0000
291	292	290	0.3800	8033.0000
292	293	291	0.3800	8033.0000
293	294	292	0.3800	8033.0000
294	295	293	0.3800	8033.0000
295	296	294	0.3800	8033.0000
296	297	295	0.3800	8033.0000
297	298	296	0.3800	8033.0000
298	299	297	0.3800	8033.0000
299	300	298	0.3800	8033.0000
300	301	299	0.3800	8033.0000
301	302	300	0.3800	8033.0000
302	303	301	0.3800	8033.0000
303	304	302	0.3800	8033.0000
304	305	303	0.3800	8033.0000
305	306	304	0.3800	8033.0000
306	307	305	0.3800	8033.0000
307	308	306	0.3800	8033.0000
308	309	307	0.3800	8033.0000
309	310	308	0.3800	8033.0000
310	311	309	0.3800	8033.0000
311	312	310	0.3800	8033.0000
312	313	311	0.3800	8033.0000
313	314	312	0.3800	8033.0000
314	315	313	0.3800	8033.0000
315	316	314	0.3800	8033.0000
316	317	315	0.3800	8033.0000
317	318	316	0.3800	8033.0000
318	319	317	0.3800	8033.0000
319	320	318	0.3800	8033.0000
320	321	319	0.3800	8033.0000
321	322	320	0.3800	8033.0000
322	323	321	0.3800	8033.0000
323	324	322	0.3800	8033.0000
324	325	323	0.3800	8033.0000
325	326	324	0.3800	8033.0000
326	327	325	0.3800	8033.0000
327	328	326	0.3800	8033.0000
328	329	327	0.3800	8033.0000
329	330	328	0.3800	8033.0000
330	331	329	0.3800	8033.0000
331	332	330	0.3800	8033.0000
332	333	331	0.3800	8033.0000
333	334	332	0.3800	8033.0000
334	335	333	0.3800	8033.0000
335	336	334	0.3800	8033.0000
336	337	335	0.3800	8033.0000
337	338	336	0.3800	8033.0000
338	339	337	0.3800	8033.0000
339	340	338	0.3800	8033.0000
340	341	339	0.3800	8033.0000
341	342	340	0.3800	8033.0000
342	343	341	0.3800	8033.0000
343	344	342	0.3800	8033.0000
344	345	343	0.3800	8033.0000
345	346	344	0.3800	8033.0000
346	347	345	0.3800	8033.0000
347	348	346	0.3800	8033.0000
348	349	347	0.3800	8033.0000
349	350	348	0.3800	8033.0000
350	351	349	0.3800	8033.0000
351	352	350	0.3800	8033.0000
352	353	351	0.3800	8033.0000
353	354	352	0.3800	8033.0000
354	355	353	0.3800	8033.0000
355	356	354	0.3800	8033.0000
356	357	355	0.3800	8033.0000
357	358	356	0.3800	8033.0000
358	359	357	0.3800	8033.0000
359	360	358	0.3800	8033.0000
360	361	359	0.3800	8033.0000
361	362	360	0.3800	8033.0000
362	363	361	0.3800	8033.0000
363	364	362	0.3800	8033.0000
364	365	363	0.3800	8033.0000
365	366	364	0.3800	8033.0000
366	367	365	0.3800	8033.0000
367	368	366	0.3800	8033.0000
368	369	367	0.3800	8033.0000
369	370	368	0.3800	8033.0000
370	371	369	0.3800	8033.0000
371	372	370	0.3800	8033.0000
372	373	371	0.3800	8033.0000
373	374	372	0.3800	8033.0000
374	375	373	0.3800	8033.0000
375	376	374	0.3800	8033.0000
376	377	375	0.3800	8033.0000
377	378	376	0.3800	8033.0000
378	379	377	0.3800	8033.0000
379	380	378	0.3800	8033.0000
380	381	379	0.3800	8033.0000
381	382	380	0.3800	8033.0000
382	383	381	0.3800	8033.0000
383	384	382	0.3800	8033.0000
384	385	383	0.3800	8033.0000
385	386	384	0.3800	8033.0000
386	387	385	0.3800	8033.0000
387	388	386	0.3800	8033.0000
388	389	387	0.3800	8033.0000
389	390	388	0.3800	8033.0000
390	391	389	0.3800	8033.0000
391	392	390	0.3800	8033.0000
392	393	391	0.3800	8033.0000
393	394	392	0.3800	8033.0000
394	395	393	0.3800	8033.0000
395	396	394	0.3800	8033.0000
396	397	395	0.3800	8033.0000
397	398	396	0.3800	8033.0000
398	399	397	0.3800	8033.0000
399	400	398	0.3800	8033.0000
400	401	399	0.3800	8033.0000
401	402	400	0.3800	8033.0000
402	403	401	0.3800	8033.0000
403	404	402	0.3800	8033.0000
404	405	403	0.3800	8033.0000
405	406	404	0.3800	8033.0000
406	407	405	0.3800	8033.0000
407	408	406	0.3800	8033.0000
408	409	407	0.3800	8033.0000
409	410	408	0.3800	8033.0000
410	411	409	0.3800	8033.0000
411	412	410	0.3800	8033.0000
412	413	411	0.3800	8033.0000
413	414	412	0.3800	8033.0000
414	415	413	0.3800	8033.0000
415	416	414	0.3800	8033.0000
416	417	415	0.3800	8033.0000
417	418	416	0.3800	8033.0000
418	419	417	0.3800	8033.0000
419	420	418	0.3800	8033.0000
420	421	419	0.3800	8033.0000
421	422	420	0.3800	8033.0000
422	423	421	0.3800	8033.0000
423	424	422	0.3800	8033.0000
424	425	423	0.3800	8033.0000
425	426	424	0.3800	8033.0000
426	427	425	0.3800	8033.0000
427	428	426	0.3800	8033.0000
428	429	427	0.3800	8033.0000
429	430	428	0.3800	8033.0000
430	431	429	0.3800	8033.0000
431	432	430	0.3800	8033.0000
432	433	431	0.3800	8033.0000
433	434	432	0.3800	8033.0000
434	435	433	0.3800	8033.0000
435	436	434	0.3800	8033.0000
436	437	435	0.3800	8033.0000
437	438	436	0.3800	8033.0000
438	439	437	0.3800	8033.0000
439	440	438	0.3800	8033.0000
440	441	439	0.3800	8033.0000
441	442	440	0.3800	8033.0000
442	443	441	0.3800	8033.0000
443	444	442	0.3800	8033.0000
444	445	443	0.3800	8033.0000
445	446	444	0.3800	8033.0000
446	447	445	0.3800	8033.0000
447	448	446	0.3800	8033.0000
448	449	447	0.3800	8033.0000
449	450	448	0.3800	8033.0000
450	451	449	0.3800	8033.0000
451	452	450	0.3800	8033.0000
452	453	451	0.3800	8033.0000
453	454	452	0.3800	8033.0000
454	455	453	0.3800	8033.0000
455	456	454	0.3800	8033.0000
456	457	455	0.3800	8033.0000
457	458	456	0.3800	8033.0000
458	459	457	0.3800	8033.0000
459	460	458	0.3800	8033.0000
460	461	459	0.3800	8033.0000
461	462	460	0.3800	8033.0000
462	463	461	0.3800	8033.0000
463	464	462	0.3800	8033.0000
464	465	463	0.3800	8033.0000
465	466	464	0.3800	8033.0000
466	467	465	0.3800	8033.0000
467	468	466	0.3800	8033.0000
468	469	467	0.3800	8033.0000
469	470	468	0.3800	8033.0000
470	471	469	0.3800	8033.0000
471	472	470	0.3800	8033.0000
472	473	471	0.3800	8033.0000
473	474	472	0.3800	8033.0000
474	475	473	0.3800	8033.0000
475	476	474	0.3800	8033.0000
476	477	475	0.3800	8033.0000
477	478	476	0.3800	8033.0000
478	479	477	0.3800	8033.0000
479	480	478	0.3800	8033.0000
480	481	479	0.3800	8033.0000
481	482	480	0.3800	8033.0000
482	483	481	0.3800	8033.0000
483	484	482	0.3800	8033.0000
484	485	483	0.3800	8033.0000
485	486	484	0.3800	8033.0000
486	487	485	0.3800	8033.0000
487	488	486	0.3800	8033.0000
488	489	487	0.3800	8033.0000
489	490	488	0.3800	8033.0000
490	491	489	0.3800	8033.0000
491	492	490	0.3800	8033.0000
492	493	491	0.3800	8033.0000
493	494	492	0.3800	8033.0000
494	495	493	0.3800	8033.0000
495	496	494	0.3800	8033.0000
496	497	495	0.3800	8033.0000
497	498	496	0.3800	8033.0000
498	499	497	0.3800	8033.0000
499	500	498	0.3800	8033.0000
500	501	499	0.3800	8033.0000
501	502	500	0.3800	8033.0000
502	503	501	0.3800	8033.0000
503	504	502	0.3800	8033.0000
504	505	503	0.3800	8033.0000
505	506	504	0.3800	8033.0000
506	507	505	0.3800	8033.0000
507	508	506	0.3800	8033.0000
508	509	507	0.3800	8033.0000
509	510	508	0.3800	8033.0000
510	511	509	0.3800	8033.0000
511	512	510	0.3800	8033.0000
512	513	511	0.3800	8033.0000
513	514	512	0.3800	8033.0000
514	515	513	0.3800	8033.0000
515	516	514	0.3800	8033.0000
516	517	515	0.3800	8033.0000
517	518	516	0.3800	8033.0000
518	519	517	0.3800	8033.0000
519	520	518	0.3800	8033.0000
520	521	519	0.3800	8033.0000
521	522	520	0.3800	8033.0000
522	523	521	0.3800	8033.0000
523	524	522	0.3800	8033.0000
524	525	523	0.3800	8033.0000
525	526	524	0.3800	8033.0000
526	527	525	0.3800	8033.0000
527	528	526	0.3800	8033.0000
528	529	527	0.3800	8033.0000
529	530	528	0.3800	8033.0000
530	531	529	0.3800	8033.0000
531	532	530	0.3800	8033.0000
532	533	531	0.3800	8033.0000
533	534	532	0.3800	8033.0000
534	535	533	0.3800	8033.0000
535	536	534	0.3800	8033.0000
536	537	535	0.3800	8033.0000
537	538	536	0.3800	8033.0000
538	539	537	0.3800	8033.0000
539	540	538	0.3800	8033.0000
540	541	539	0.3800	8033.0000
541	542	540	0.3800	8033.0000
542	543	541	0.3800	8033.0000
543	544	542	0.3800	8033.0000
544	545	543	0.3800	8033.0000
545	546	544	0.3800	8033.0000
546	547	545	0.3800	8033.0000
547	548	546	0.3800	8033.0000
548	549	547	0.3800	8033.0000
549	550	548	0.3800	8033.0000
550	551	549	0.3800	8033.0000
551	552	550	0.3800	8033.0000
552	553	551	0.3800	8033.0000
553	554	552	0.3800	8033.0000
554	555	553	0.3800	8033.0000
555	556	554	0.3800	8033.0000
556	557	555	0.3800	8033.0000
557	558	556	0.3800	8033.0000
558	559	557	0.3800	8033.0000
559	560	558	0.3800	8033.0000
560	561	559	0.3800	8033.0000
561	562	560	0.3800	8033.0000
562	563	561	0.3800	8033.0000
563	564	562	0.3800	8033.0000
564	565	563	0.3800	8033.0000
565	566	564	0.3800	8033.0000
566	567	565	0.3800	8033.0000
567	568	566	0.3800	8033.0000
568	569	567	0.3800	8033.0000
569	570	568	0.3800	8033.0000
570	571	569	0.3800	8033.0000
571	572	570	0.3800	8033.0000
572	573	571	0.3800	8033.0000
573	574	572	0.3800	8033.0000
574	575	573	0.3800	8033.0000
575	576	574	0.3800	8033.0000
576	577	575	0.3800	8033.0000
577	578	576	0.3800	8033.0000
578	579	577	0.3800	8033.0000
579	580	578	0.3800	8033.0000
580	581	579	0.3800	8033.0000
581	582	580	0.3800	8033.0000
582	583	581	0.3800	8033.0000
583	584	582	0.3800	8033.0000
584	585	583	0.3800	8033.0000
585	586	584	0.3800	8033.0000
586	587	585	0.3800	8033.0000
587	588	586	0.3800	8033.0000
588	589	587	0.3800	8033.0000
589	590	588	0.3800	8033.0000
590	591	589	0.3800	8033.0000
591	592	590	0.3800	8033.0000
592	593	591	0.3800	8033.0000
593	594	592	0.3800	8033.0000
594	595	593	0.3800	8033.0000
595	596	594	0.3800	8033.0000
596	597	595	0.3800	8033.0000
597	598	596	0.3800	8033.0000
598	599	597	0.3800	8033.0000
599	600	598	0.3800	8033.0000
600	601	599	0.3800	8033.0000
601	602	600	0.3800	8033.0000
602	603	601	0.3800	8033.0000
603	604	602	0.3800	8033.0000
604	605	603	0.3800	8033.0000
605	606	604	0.3800	8033.0000
606	607	605	0.3800	8033.0000
607	608	606	0.3800	8033.0000
608	609	607	0.3800	8033.0000
609	610	608	0.3800	8033.0000
610	611	609	0.3800	8033.0000
611	612	610	0.3800	8033.0000
612	613	611	0.3800	8033.0000
613	614	612	0.3800	8033.0000
614	615	613	0.3800	8033.0000
615	616	614	0.3800	8033.0000
616	617	615	0.3800	8033.0000
617	618	616	0.3800	8033.0000
618	619	617	0.3800	8033.0000
619	620	618	0.3800	8033.0000
620	621	619	0.3800	8033.0000
621	622	620	0.3800	8033.0000
622	623	621	0.3800	8033.0000
623	624	622	0.3800	8033.0000
624	625	623	0.3800	8033.0000
625	626	624	0.3800	8033.0000
626	627	625	0.3800	8033.0000
627	628	626	0.3800	8033.0000
628	629	627	0.3800	8033.0000
629	630	628	0.3800	8033.0000
630	631	629	0.3800	8033.0000
631	632	630	0.3800	8033.0000
632	633	631	0.3800	8033.0000
633	634	632	0.3800	8033.0000
634	635	633	0.3800	8033.0000
635	636	634	0.3800	8033.0000
636	637	635	0.3800	8033.0000
637	638	636	0.3800	8033.0000
638	639	637	0.3800	8033.0000
639	640	638	0.3800	8033.0000
640	641	639	0.3800	8033.0000
641	642	640	0.3800	8033.0000
642	643	641	0.3800	8033.0000
643	644	642	0.3800	8033.0000
644	645	643	0.3800	8033.0000
645	646	644	0.3800	8033.0000
646	647	645	0.3800	8033.0000
647	648	646	0.3800	8033.0000
648	649	647	0.3800	8033.0000
649	650	648	0.3800	8033.0000
650	651	649	0.3800	8033.0000
651	652	650	0.3800	8033.0000
652	653	651	0.3800	8033.0000
653	654	652	0.3800	8033.0000
654	655	653	0.3800	8033.0000
655	656	654	0.3800	8033.0000
656	657	655	0.3800	8033.0000
657	658	656	0.3800	8033.0000
658	659	657	0.3800	8033.0000
659	660	658	0.3800	8033.0000
660	661	659	0.3800	8033.0000
661	662	660	0.3800	8033.0000
662	663	661	0.3800	8033.0000
663	664	662	0.3800	8033.0000
664	665	663	0.3800	8033.0000
665	666	664	0.3800	8033.0000
666	667	665	0.3800	8033.0000
667	668	666	0.3800	8033.0000
668	669	667	0.3800	8033.0000
669	670	668	0.3800	8033.0000
670	671	669	0.3800	8033.0000
671	672	670	0.3800	8033.0000
672	673	671	0.3800	8033.0000
673	674	672	0.3800	8033.0000
674	675	673	0.3800	8033.0000
675	676	674	0.3800	8033.0000
676	677	675	0.3800	8033.0000
677	678	676	0.3800	8033.0000
678	679	677	0.3800	8033.0000
679	680	678	0.3800	8033.0000
680	681	679	0.3800	8033.0000
681	682	680	0.3800	8033.0000
682	683	681	0.3800	8033.0000
683	684	682	0.3800	8033.0000
684	685	683	0.3800	8033.0000
685	686	684	0.3800	8033.0000
686	687	685	0.3800	8033.0000
687	688	686	0.3800	8033.0000
688	689	687	0.3800	8033.0000
689	690	688	0.3800	8033.0000
690	691	689	0.3800	8033.0000
691	692	690	0.3800	8033.0000
692	693	691	0.3800	8033.0000
693	694	692	0.3800	8033.0000
694	695	693	0.3800	8033.0000
695	696	694	0.3800	8033.0000
696	697	695	0.3800	8033.0000
697	698	696	0.3800	8033.0000
698	699	697	0.3800	8033.0000
699	700	698	0.3800	8033.0000
700	701	699	0.3800	8033.0000
701	702	700	0.3800	8033.0000
702	703	701	0.3800	8033.0000
703	704	702	0.3800	8033.0000
704	705	703	0.3800	8033.0000
705	706	704	0.3800	8033.0000
706	707	705	0.3800	8033.0000
707	708	706	0.3800	8033.0000
708	709	707	0.3800	8033.0000
709	710	708	0.3800	8033.0000
710	711	709	0.3800	8033.0000
711	712	710	0.3800	8033.0000
712	713	711	0.3800	8033.0000
713	714	712	0.3800	8033.0000
714	715	713	0.3800	8033.0000
715	716	714	0.3800	8033.0000
716	717	715	0.3800	8033.0000
717	718	716	0.3800	8033.0000
718	719	717	0.3800	8033.0000
719	720	718	0.3800	8033.0000
720	721	719	0.3800	8033.0000
721	722	720	0.3800	8033.0000
722	723	721	0.3800	8033.0000
723	724	722	0.3800	8033.0000
724	725	723	0.3800	8033.0000
725	726	724	0.3800	8033.0000
726	727	725	0.3800	8033.0000
727	728	726	0.3800	8033.0000
728	729	727	0.3800	8033.0000
729	730	728	0.3800	8033.0000
730	731	729	0.3800	8033.0000
731	732	730	0.3800	8033.0000
732	733	731	0.3800	8033.0000
733	734	732	0.3800	8033.0000
734	735	733	0.3800	8033.0000
735	736	734	0.3800	8033.0000
736	737	735	0.3800	8033.0000
737	738	736	0.3800	8033.0000
738	739	737	0.3800	8033.0000
739	740	738	0.3800	8033.0000
740	741	739	0.3800	8033.0000
741	742	740	0.3800	8033.0000
742	743	741	0.3800	8033.0000
743	744	742	0.3800	8033.0000
744	745	743	0.3800	8033.0000
745	746	744	0.3800	8033.0000
746	747	745	0.3800	8033.0000
747	748	746	0.3800	8033.0000
748	749	747	0.3800	8033.0000
749	750	748	0.3800	8033.0000
750	751	749	0.3800	8033.0000
751	752	750	0.3800	8033.0000
752	753	751	0.3800	8033.0000
753	754	752	0.3800	8033.0000
754	755	753	0.3800	8033.0000
755	756	754	0.3800	8033.0000
756	757	755	0.3800	8033.0000
757	758	756	0.3800	8033.0000
758	759	757	0.3800	8033.0000
759	760	758	0.3800	8033.0000
760	761	759	0.3800	8033.0000
761	762	760	0.3800	8033.0000
762	763	761	0.3800	8033.0000
763	764	762	0.3800	8033.0000
764	765	763	0.3800	8033.0000
765	766	764	0.3800	8033.0000
766	767	765	0.3800	8033.0000
767	768	766	0.3800	8033.0000
768	769	767	0.3800	8033.0000
769	770	768	0.3800	8033.0000
770	771	769	0.3800	8033.0000
771	772	770	0.3800	8033.0000
772	773	771	0.3800	8033.0000
773	774	772	0.3800	8033.0000
774	775	773	0.3800	8033.0000
775	776	774	0.3800	8033.0000
776	777	775	0.3800	8033.0000
777	778	776	0.3800	8033.0000
778	779	777	0.3800	8033.0000
779	780	778	0.3800	8033.0000
780	781	779	0.3800	8033.0000
781	782	780	0.3800	8033.0000
782	783	781	0.3800	8033.0000
783	784	782	0.3800	8033.0000
784	785	783	0.3800	8033.0000
785	786	784	0.3800	8033.0000
786	787	785	0.3800	8033.0000
787	788	786	0.3800	8033.0000
788	789	787	0.3800	8033.0000
789	790	788	0.3800	8033.0000
790	791	789	0.3800	8033.0000
791	792	790	0.3800	8033.0000
792	793	791	0.3800	8033.0000
793	794	792	0.3800	8033.0000
794	795	793	0.3800	8033.0000
795	796	794	0.3800	8033.0000
796	797	795	0.3800	8033.0000
797	798	796	0.3800	8033.0000
798	799	797	0.3800	8033.0000
799	800	798	0.3800	8033.0000
800	801	799	0.3800	8033.0000
801	802	800	0.3800	8033.0000
802	803	801	0.3800	8033.0000
803	804	802	0.3800	8033.0000
804	805	803	0.3800	8033.0000
805	806	804	0.3800	8033.0000
806	807	805	0.3800	8033.0000
807	808	806	0.3800	8033.0000
808	809	807	0.3800	8033.0000
809	810	808	0.3800	8033.0000
810	811	809	0.3800	8033.0000
811	812	810	0.3800	8033.0000
812	813	811	0.3800	8033.0000
813	814	812	0.3800	8033.0000
814	815	813	0.3800	8033.0000
815	816	814	0.3800	8033.0000
816	817	815	0.3800	8033.0000
817	818	816	0.3800	8033.0000
818	819	817	0.3800	8033.0000
819	820	818	0.3800	8033.0000
820	821	819	0.3800	8033.0000
821	822	820	0.3800	8033.0000
822	823	821	0.3800	8033.0000
823	824	822	0.3800	8033.0000
824	825	823	0.3800	8033.0000
825	826	824	0.3800	8033.0000
826	827	825	0.3800	8033.0000
827	828	826	0.3800	8033.0000
828	829	827	0.3800	8033.0000
829	830	828	0.3800	8033.0000
830	831	829	0.3800	8033.0000
831	832	830	0.3800	8033.0000
832	833	831	0.3800	8033.0000
833	834	832	0.3800	8033.0000
834	835	833	0.3800	8033.0000
835	836	834	0.3800	8033.0000
836	837	835	0.3800	8033.0000
837	838	836	0.3800	8033.0000
838	839	837	0.3800	8033.0000
839	840	838	0.3800	8033.0000
840	841	839	0.3800	8033.0000
841	842	840	0.3800	8033.0000
842	843	841	0.3800	8033.0000
843	844	842	0.3800	8033.0000
844	845	843	0.3800	8033.0000
845	846	844	0.3800	8033.0000
846	847	845	0.3800	8033.0000
847	848	846	0.3800	8033.0000
848	849	847	0.3800	8033.0000
849	850	848	0.3800	8033.0000
850	851	849	0.3800	8033.0000
851	852	850	0.3800	8033.0000
852	853	851	0.3800	8033.0000
853	854	852	0.3800	8033.0000
854	855	853	0.3800	8033.0000
855	856	854	0.3800	8033.0000
856	857	855	0.3800	8033.0000
857	858	856	0.3800	8033.0000
858	859	857	0.3800	8033.0000
859	860	858	0.3800	8033.0000
860	861	859	0.3800	8033.0000
861	862	860	0.3800	8033.0000
862	863	861	0.3800	8033.0000
863	864	862	0.3800	8033.0000
864	865	863	0.3800	8033.0000
865	866	864	0.3800	8033.0000
866	867	865	0.3800	8033.0000
867	868	866	0.3800	8033.0000
868	869	867	0.3800	8033.0000
869	870	868	0.3800	8033.0000
870	871	869	0.3800	8033.0000
871	872	870	0.3800	8033.0000
872	873	871	0.3800	8033.0000
873	874	872	0.3800	8033.0000
874	875	873	0.3800	8033.0000
875	876	874	0.3800	8033.0000
876	877	875	0.3800	8033.0000
877	878	876	0.3800	8033.0000
878	879	877	0.3800	8033.0000
879	880	878	0.3800	8033.0000
880	881	879	0.3800	8033.0000
881	882	880	0.3800	8033.0000
882	883	881	0.3800	8033.0000
883	884	882	0.3800	8033.0000
884	885	883	0.3800	8033.0000
885	886	884	0.3800	8033.0000
886	887	885	0.3800	8033.0000
887	888	886	0.3800	8033.0000
888	889	887	0.3800	8033.0000
889	890	888	0.3800	8033.0000
890	891	889	0.3800	8033.0000
891	892	890	0.3800	8033.0000
892	893	891	0.3800	8033.0000
893	894	892	0.3800	8033.0000
894	895	893	0.3800	8033.0000
895	896	894	0.3800	8033.0000
896	897	895	0.3800	8033.0000
897	898	896	0.3800	8033.0000
898	899	897	0.3800	8033.0000
899	900	898	0.3800	8033.0000
900	901	899	0.3800	8033.0000
901	902	900	0.3800	8033.0000
902	903	901	0.3800	8033.0000
903	904	902	0.3800	8033.0000
904	905	903	0.3800	8033.0000
905	906	904	0.3800	8033.0000
906	907	905	0.3800	8033.0000
907	908	906	0.3800	8033.0000
908	909	907	0.3800	8033.0000
909	910	908	0.3800	8033.0000
910	911	909	0.3800	8033.0000
911	912	910	0.3800	8033.0000
912	913	911	0.3800	8033.0000
913	914	912	0.3800	8033.0000
914	915	913	0.3800	8033.0000
915	916	914	0.3800	8033.0000
916	917	915	0.3800	8033.0000
917	918	916	0.3800	8033.0000
918	919	917	0.3800	8033.0000
919	920	918	0.3800	8033.0000
920	921	919	0.3800	8033.0000
921	922	920	0.3800	8033.0000
922	923	921	0.3800	8033.0000
923	924	922	0.3800	8033.0000
924	925	923	0.3800	8033.0000
925	926	924	0.3800	8033.0000
926	927	925	0.3800	8033.0000
927	928	926	0.3800	8033.0000
928	929	927	0.3800	8033.0000
929	930	928	0.3800	8033.0000
930	931	929	0.3800	8033.0000
931	932	930	0.3800	8033.0000
932	933	931	0.3800	8033.0000
933	934	932	0.3800	8033.0000
934	935	933	0.3800	8033.0000
935	936	934	0.3800	8033.0000
936	937	935	0.3800	8033.0000
937	938	936	0.3800	8033.0000
938	939	937	0.3800	8033.0000
939	940	938	0.3800	8033.0000
940	941	939	0.3800	8033.0000
941	942	940	0.3800	8033.0000
942	943	941	0.3800	8033.0000
943	944	942	0.3800	8033.0000
944	945	943	0.3800	8033.0000
945	946	944	0.3800	8033.0000
946	947	945	0.3800	8033.0000
947	948	946	0.3800	8033.0000
948	949	947	0.3800	8033.0000
949	950	948	0.3800	8033.0000
950	951	949	0.3800	8033.0000
951	952	950	0.3800	8033.0000
952	953	951	0.3800	8033.0000
953	954	952	0.3800	8033.0000
954	955	953	0.3800	8033.0000
955	956	954	0.3800	8033.0000
956	957	955	0.3800	8033.0000
957	958	956	0.3800	8033.0000
958	959	957	0.3800	8033.0000
959	960	958	0.3800	8033.0000
960	961	959	0.3800	8033.0000
961	962	960	0.3800	8033.0000
962	963	961	0.3800	8033.0000
963	964	962	0.3800	8033.0000
964	965	963	0.3800	8033.0000
965	966	964	0.3800	8033.0000
966	967	965	0.3800	8033.0000
967	968	966	0.3800	8033.0000
968	969	967	0.3800	8033.0000
969	970	968	0.3800	8033.0000
970	971	969	0.3800	8033.0000
971	972	970	0.3800	8033.0000
972	973	971	0.3800	8033.0000
973	974	972	0.3800	8033.0000
974	975	973	0.3800	8033.0000
975	976	974	0.3800	8033.0000
976	977	975	0.3800	8033.0000
977	978	976	0.3800	8033.0000
978	979	977	0.3800	8033.0000
979	980	978	0.3800	8033.0000
980	981	979	0.3800	8033.0000
981	982	980	0.3800	8033.0000
982	983	981	0.3800	8033.0000
983	984	982	0.3800	8033.0000
984	985	983	0.3800	8033.0000
985	986	984	0.3800	8033.0000
986	987	985	0.3800	8033.0000
987	988	986	0.3800	8033.0000
988	989	987	0.3800	8033.0000
989	990	988	0.3800	8033.0000
990	991	989	0.3800	8033.0000
991	992	990	0.3800	8033.0000
992	993	991	0.3800	8033.0000
993	994	992	0.3800	8033.0000
994	995	993	0.3800	8033.0000
995	996	994	0.3800	8033.0000
996	997	995	0.3800	8033.0000
997	998	996	0.3800	8033.0000
998	999	997	0.3800	8033.0000
999	1000	998	0.3800	8033.0000
1000	1001	999	0.3800	8033.0000
1001	1002	1000	0.3800	8033.0000
1002	1003	1001	0.3800	8033.0000
1003	1004	1002	0.3800	8033.0000
1004	1005	1003	0.3800	8033.0000
1005	1006	1004	0.3800	8033.0000
1006	1007	1005	0.3800	8033.0000
1007	1008	1006	0.3800	8033.0000
1008	1009	1007	0.3800	8033.0000
1009	1010	1008	0.3800	8033.0000
1010	1011	1009	0.3800	8033.0000
1011	1012	1010	0.3800	8033.0000
1012	1013	1011	0.3800	8033.0000
1013	1014	1012	0.3800	8033.0000
1014	1015	1013	0.3800	8033.0000
1015	1016	1014	0.3800	8033.0000
1016	1017	1015	0.3800	8033.0000
1017	1018	1016	0.3800	8033.0000
1018	1019	1017	0.3800	8033.0000
1019	1020	1018	0.3800	8033.0000
1020	1021	1019	0.3800	8033.0000
1021	1022	1020	0.3800	8033.0000
1022	1023	1021	0.3800	8033.0000
1023	1024	1022	0.3800	8033.0000
1024	1025	1023	0.3800	8033.0000
1025	1026	1024	0.3800	8033.0000
1026	1027	1025	0.3800	8033.0000
1027	1028	1026	0.3800	8033.0000
1028	1029	1027	0.3800	8033.0000
1029	1030	1028	0.3800	8033.0000
1030	1031	1029	0.3800	8033.0000
1031	1032	1030	0.3800	8033.0000
1032	1033	1031	0.3800	8033.0000
1033	1034	1032	0.3800	8033.0000
1034	1035	1033	0.3800	8033.0000
1035	1036	1034	0.3800	8033.0000
1036	1037	1035	0.3800	8033.0000
1037	1038	1036	0.3800	8033.0000
1038	1039	1037	0.3800	8033.0000
1039	1040	1038	0.3800	8033.0000
1040	1041	1039	0.3800	8033.0000
1041	1042	1040	0.3800	8033.0000
1042	1043	1041	0.3800	8033.0000
1043	1044	1042	0.3800	8033.0000
1044	1045	1043	0.3800	8033.0000
1045	1046	1044	0.3800	8033.0000
1046	1047	1045	0.3800	8033.0000
1047	1048	1046	0.3800	8033.0000
1048	1049	1047	0.3800	8033.0000
1049	1050	1048	0.3800	8033.0000
1050	1051	1049	0.3800	8033.0000
1051	1052	1050	0.3800	8033.0000
1052	1053	1051	0.3800	8033.0000
1053	1054	1052	0.3800	8033.0000
1054	1055	1053	0.3800	8033.0000
1055	1056	1054	0.3800	8033.0000
1056	1057	1055	0.3800	8033.0000
1057	1058	1056	0.3800	8033.0000
1058	1059	1057	0.3800	8033.0000
1059	1060	1058	0.3800	8033.0000
1060	1061	1059	0.3800	8033.0000
1061	1062	1060	0.3800	8033.0000
1062	1063	1061	0.3800	8033.0000
1063	1064	1062	0.3800	8033.0000
1064	1065	1063	0.3800	8033.0000
1065	1066	1064	0.3800	8033.0000
1066	1067	1065	0.3800	8033.0000
1067	1068	1066	0.3800	8033.0000
1068	1069	1067	0.3800	8033.0000
1069	1070	1068	0.3800	8033.0000
1070	1071	1069	0.3800	8033.0000
1071	1072	1070	0.3800	8033.0000
1072	1073	1071	0.3800	8033.0000
1073	1074	1072	0.3800	8033.0000
1074	1075	1073	0.3800	8033.0000
1075	1076	1074	0.3800	8033.0000
1076	1077	1075	0.3800	8033.0000
1077	1078	1076	0.3800	8033.0000
1078	1079	1077	0.3800	8033.0000
1079	1080	1078	0.3800	8033.0000
1080	1081	1079	0.3800	8033.0000
1081	1082	1080	0.3800	8033.0000
1082	1083	1081	0.3800	8033.0000
1083	1084	1082	0.3800	8033.0000
1084	1085	1083	0.3800	8033.0000
1085	1086	1084	0.3800	8033.0000
1086	1087	1085	0.3800	8033.0000
1087	1088	1086	0.3800	8033.0000
1088	1089	1087	0.3800	8033.0000
1089	1090	1088	0.3800	8033.0000
1090	1091	1089	0.3800	8033.0000
1091	1092	1090	0.3800	8033.0000
1092	1093	1091	0.3800	8033.0000
1093	1094	1092	0.3800	8033.0000
1094	1095	1093	0.3800	8033.0000
1095	1096	1094	0.3800	8033.0000
1096	1097	1095	0.3800	8033.0000
1097	1098	1096	0.3800	8033.0000
1098	1099	1097	0.3800	8033.0000
1099	1100	1098	0.3800	8033.0000
1100	1101	1099	0.3800	8033.0000
1101	1102	1100	0.3800	8033.0000
1102	1103	1101	0.3800	8033.0000
1103	1104	1102	0.3800	8033.0000
1104	1105	1103	0.3800	8033.0000
1105	1106	1104	0.3800	8033.0000
1106	1107	1105	0.3800	8033.0000
1107	1108	1106	0.3800	8033.0000
1108	1109	1107	0.3800	8033.0000
1109	1110	1108	0.3800	8033.0000
1110	1111	1109	0.3800	8033.0000
1111	1112	1110	0.3800	8033.0000
1112	1113	1111	0.3800	8033.0000
1113	1114	1112	0.3800	8033.0000
1114	1115	1113	0.3800	8033.0000
1115	1116	1114	0.3800	8033.0000
1116	1117	1115	0.3800	8033.0000
1117	1118	1116	0.3800	8033.0000
1118	1119	1117	0.3800	8033.0000
1119	1120	1118	0.3800	8033.0000
1120	1121	1119	0.3800	8033.0000
1121	1122	1120	0.3800	8033.0000
1122	1123	1121	0.3800	8033.0000
1123	1124	1122	0.3800	8033.0000
1124	1125	1123	0.3800	8033.0000
1125	1126	1124	0.3800	8033.0000
1126	1127	1125	0.3800	8033.0000
1127	1128	1126	0.3800	8033.0000
1128	1129	1127	0.3800	8033.0000
1129	1130	1128	0.3800	8033.0000
1130	1131	1129	0.3800	8033.0000
1131	1132	1130	0.3800	8033.0000
1132	1133	1131	0.3800	8033.0000
1133	1134	1132	0.3800	8033.0000
1134	1135	1133	0.3800	8033.0000
1135	1136	1134	0.3800	8033.0000
1136	1137	1135	0.3800	8033.0000
1137	1138	1136	0.3800	8033.0000
1138	1139	1137	0.3800	8033.0000
1139	1140	1138	0.3800	8033.0000
1140	1141	1139	0.3800	8033.0000
1141	1142	1140	0.3800	8033.0000
1142	1143	1141	0.3800	8033.0000
1143	1144	1142	0.3800	8033.0000
1144	1145	1143	0.3800	8033.0000
1145	1146	1144	0.3800	8033.0000
1146	1147	1145	0.3800	8033.0000
1147	1148	1146	0.3800	8033.0000
1148	1149	1147	0.3800	8033.0000
1149	1150	1148	0.3800	8033.0000
1150	1151	1149	0.3800	8033.0000
1151	1152	1150	0.3800	8033.0000
1152	1153	1151	0.3800	8033.0000
1153	1154	1152	0.3800	8033.0000
1154	1155	1153	0.3800	8033.0000
1155	1156	1154	0.3800	8033.0000
1156	1157	1155	0.3800	8033.0000
1157	1158	1156	0.3800	8033.0000
1158	1159	1157	0.3800	8033.0000
1159	1160	1158	0.3800	8033.0000
1160	1161	1159	0.3800	8033.0000
1161	1162	1160	0.3800	8033.0000
1162	1163	1161	0.3800	8033.0000
1163	1164	1162	0.3800	8033.0000
1164	1165	1163	0.3800	8033.0000
1165	1166	1164	0.3800	8033.0000
1166	1167	1165	0.3800	8033.0000
1167	1168	1166	0.3800	8033.0000
1168	1169	1167	0.3800	8033.0000
1169	1170	1168	0.3800	8033.0000
1170	1171	1169	0.3800	8033.0000
1171	1172	1170	0.3800	8033.0000
1172	1173	1171	0.3800	8033.0000
1173	1174	1172	0.3800	8033.0000
1174	1175	1173	0.3800	8033.0000
1175	1176	1174	0.3800	8033.0000
1176	1177	1175	0.3800	8033.0000
1177	1178	1176	0.3800	8033.0000
1178	1179	1177	0.3800	8033.0000
1179	1180	1178	0.3800	8033.0000
1180	1181	1179	0.3800	8033.0000
1181	1182	1180	0.3800	8033.0000
1182	1183	1181	0.3800	8033.0000
1183	1184	1182	0.3800	8033.0000
1184	1185	1183	0.3800	8033.0000
1185	1186	1184	0.3800	8033.0000
1186	1187	1185	0.3800	8033.0000
1187	1188	1186	0.3800	8033.0000
1188	1189	1187	0.3800	8033.0000
1189	1190	1188	0.3800	8033.0000
1190	1191	1189	0.3800	8033.0000
1191	1192	1190	0.3800	8033.0000
1192	1193	1191	0.3800	8033.0000
1193	1194	1192	0.3800	8033.0000
1194	1195	1193	0.3800	8033.0000
1195	1196	1194	0.3800	8033.0000
1196	1197	1195	0.3800	8033.0000
1197	1198	1196	0.3800	8033.0000
1198	1199	1197	0.3800	8033.0000
1199	1200	1198	0.3800	8033.0000
1200	1201	1199	0.3800	8033.0000
1201	1202	1200	0.3800	8033.0000
1202	1203	1201	0.3800	8033.0000
1203	1204	1202	0.3800	8033.0000
1204	1205	1203	0.3800	8033.0000
1205	1206	1204	0.3800	8033.0000
1206	1207	1205	0.3800	8033.0000
1207	1208	1206	0.3800	8033.0000
1208	1209	1207	0.3800	8033.0000
1209	1210	1208	0.3800	8033.0000
1210	1211	1209	0.3800	8033.0000
1211	1212	1210	0.3800	8033.0000
1212	1213	1211	0.3800	8033.0000
1213	1214	1212	0.3800	8033.0000
1214	1215	1213	0.3800	8033.0000
1215	1216	1214	0.3800	8033.0000
1216	1217	1215	0.3800	8033.0000
1217	1218	1216	0.3800	8033.0000
1218	1219	1217	0.3800	8033.0000
1219	1220	1218	0.3800	8033.0000
1220	1221	1219	0.3800	8033.0000
1221	1222	1220	0.3800	8033.0000
1222	1223	1221	0.3800	8033.0000
1223	1224	1222	0.3800	8033.0000
1224	1225	1223	0.3800	8033.0000
1225	1226	1224	0.3800	8033.0000
1226	1227	1225	0.3800	8033.0000
1227	1228	1226	0.3800	8033.0000
1228	1229	1227	0.3800	8033.0000
1229	1230	1228	0.3800	8033.0000
1230	1231	1229	0.3800	8033.0000
1231	1232	1230	0.3800	8033.0000
1232	1233	1231	0.3800	8033.0000
1233	1234	1232	0.3800	8033.0000
1234	1235	1233	0.3800	8033.0000
1235	1236	1234	0.3800	8033.0000
1236	1237	1235	0.3800	8033.0000
1237	1238	1236	0.3800	8033.0000
1238	1239	1237	0.3800	8033.0000
1239	1240	1238	0.3800	8033.0000
1240	1241	1239	0.3800	8033.0000
1241	1242	1240	0.3800	8033.0000
1242	1243	1241	0.3800	8033.0000
1243	1244	1242	0.3800	8033.0000
1244	1245	1243	0.3800	8033.0000
1245	1246	1244	0.3800	8033.0000
1246	1247	1245	0.3800	8033.0000
1247	1248	1246	0.3800	8033.0000
1248	1249	1247	0.3800	8033.0000
1249	1250	1248	0.3800	8033.0000
1250	1251	1249	0.3800	8033.0000
1251	1252	1250	0.3800	8033.0000
1252	1253	1251	0.3800	8033.0000
1253	1254	1252	0.3800	8033.0000
1254	1255	1253	0.3800	8033.0000
1255	1256	1254	0.3800	8033.0000
1256	1257	1255	0.3800	8033.0000
1257	1258	1256	0.3800	8033.0000
1258	1259	1257	0.3800	8033.0000
1259	1260	1258	0.3800	8033.0000
1260	1261	1259	0.3800	8033.0000
1261	1262	1260	0.3800	8033.0000
1262	1263	1261	0.3800	8033.0000
1263	1264	1262	0.3800	8033.0000
1264	1265	1263	0.3800	8033.0000
1265	1266	1264	0.3800	8033.0000
1266	1267	1265	0.3800	8033.0000
1267	1268	1266	0.3800	8033.0000
1268	1269	1267	0.3800	8033.0000
1269	1270	1268	0.3800	8033.0000
1270	1271	1269	0.3800	8033.0000
1271	1272	1270	0.3800	8033.0000
1272	1273	1271	0.3800	8033.0000
1273	1274	1272	0.3800	8033.0000
1274	1275	1273	0.3800	8033.0000
1275	1276	1274	0.3800	8033.0000
1276	1277	1275	0.3800	8033.0000
1277	1278	1276	0.3800	8033.0000
1278	1279	1277	0.3800	8033.0000
1279	1280	1278	0.3800	8033.0000
1280	1281	1279	0.3800	8033.0000
1281	1282	1280	0.3800	8033.0000
1282	1283	1281	0.3800	8033.0000
1283	1284	1282	0.3800	8033.0000
1284	1285	1283	0.3800	8033.0000
1285	1286	1284	0.3800	8033.0000
1286	1287	1285	0.3800	8033.0000
1287	1288	1286	0.3800	8033.0000
1288	1289	1287	0.3800	8033.0000
1289	1290	1288	0.3800	8033.0000
1290	1291	1289	0.3800	8033.0000
1291	1292	1290	0.3800	8033.0000
1292	1293	1291	0.3800	8033.0000
1293	1294	1292	0.3800	8033.0000
1294	1295	1293	0.3800	8033.0000
1295	1296	1294	0.3800	8033.0000
1296	1297	1295	0.3800	8033.0000
1297	1298	1296	0.3800	8033.0000
1298	1299	1297	0.3800	8033.0000
1299	1300	1298	0.3800	8033.0000
1300	1301	1299	0.3800	8033.0000
1301	1302	1300	0.3800	8033.0000
1302	1303	1301	0.3800	8033.0000
1303	1304	1302	0.3800	8033.0000
1304	1305	1303	0.3800	8033.0000
1305	1306	1304	0.3800	8033.0000
1306	1307	1305	0.3800	8033.0000
1307	1308	1306	0.3800	8033.0000
1308	1309	1307	0.3800	8033.0000
1309	1310	1308	0.3800	8033.0000
1310	1311	1309	0.3800	8033.0000
1311	1312	1310	0.3800	8033.0000
1312	1313	1311	0.3800	8033.0000
1313	1314	1312	0.3800	8033.0000
1314	1315	1313	0.3800	8033.0000
1315	1316	1314	0.3800	8033.0000
1316	1317	1315	0.3800	8033.0000
1317	1318	1316	0.3800	8033.0000
1318	1319	1317	0.3800	8033.0000
1319	1320	1318	0.3800	8033.0000
1320	1321	1319	0.3800	8033.0000
1321	1322	1320	0.3800	8033.0000
1322	1323	1321	0.3800	8033.0000
1323	1324	1322	0.3800	8033.0000
1324	1325	1323	0.3800	8033.0000
1325	1326	1324	0.3800	8033.0000
1326	1327	1325	0.3800	8033.0000
1327	1328	1326	0.3800	8033.0000
1328	1329	1327	0.3800	8033.0000
1329	1330	1328	0.3800	8033.0000
1330	1331	1329	0.3800	8033.0000
1331	1332	1330	0.3800	8033.0000
1332	1333	1331	0.3800	8033.0000
1333	1334	1332	0.3800	8033.0000
1334	1335	1333	0.3800	8033.0000
1335	1336	1334	0.3800	8033.0000
1336	1337	1335	0.3800	8033.0000
1337	1338	1336	0.3800	8033.0000
1338	1339	1337	0.3800	8033.0000
1339	1340	1338	0.3800	8033.0000
1340	1341	1339	0.3800	8033.0000
1341	1342	1340	0.3800	8033.0000
1342	1343	1341	0.3800	8033.0000
1343	1344	1342	0.3800	8033.0000
1344	1345	1343	0.3800	8033.0000
1345	1346	1344	0.3800	8033.0000
1346	1347	1345	0.3800	8033.0000
1347	1348	1346	0.3800	8033.0000
1348	1349	1347	0.3800	8033.0000
1349	1350	1348	0.3800	8033.0000
1350	1351	1349	0.3800	8033.0000
1351	1352	1350	0.3800	8033.0000
1352	1353	1351	0.3800	8033.0000
1353	1354	1352	0.3800	8033.0000
1354	1355	1353	0.3800	8033.0000
1355	1356	1354	0.3800	8033.0000
1356	1357	1355	0.3800	8033.0000
1357	1358	1356	0.3800	8033.0000
1358	1359	1357	0.3800	8033.0000
1359	1360	1358	0.3800	8033.0000
1360	1361	1359	0.3800	8033.0000
1361	1362	1360	0.3800	8033.0000
1362	1363	1361	0.3800	8033.0000
1363	1364	1362	0.3800	8033.0000
1364	1365	1363	0.3800	8033.0000
1365	1366	1364	0.3800	8033.0000
1366	1367	1365	0.3800	8033.0000
1367	1368	1366	0.3800	8033.0000
1368	1369	1367	0.3800	8033.0000
1369	1370	1368	0.3800	8033.0000
1370	1371	1369	0.3800	8033.0000
1371	1372	1370	0.3800	8033.0000
1372	1373	1371	0.3800	8033.0000
1373	1374	1372	0.3800	8033.0000
1374	1375	1373	0.3800	8033.0000
1375	1376	1374	0.3800	8033.0000
1376	1377	1375	0.3800	8033.0000
1377	1378	1376	0.3800	8033.0000
1378	1379	1377	0.3800	8033.0000
1379	1380	1378	0.3800	8033.0000
1380	1381	1379	0.3800	8033.0000
1381	1382	1380	0.3800	8033.0000
1382	1383	1381	0.3800	8033.0000
1383	1384	1382	0.3800	8033.0000
1384	1385	1383	0.3800	8033.0000
1385	1386	1384	0.3800	8033.0000
1386	1387	1385	0.3800	8033.0000
1387	1388	1386	0.3800	8033.0000
1388	1389	1387	0.3800	8033.0000
1389	1390	1388	0.3800	8033.0000
1390	1391	1389	0.3800	8033.0000
1391	1392	1390	0.3800	8033.0000
1392	1393	1391	0.3800	8033.0000
1393	1394	1392	0.3800	8033.0000
1394	1395	1393	0.3800	8033.0000
1395	1396	1394	0.3800	8033.0000
1396	1397	1395	0.3800	8033.0000
1397	1398	1396	0.3800	8033.0000
1398	1399	1397	0.3800	8033.0000
1399	1400	1398	0.3800	8033.0000
1400	1401	1399	0.3800	8033.0000
1401	1402	1400	0.3800	8033.0000
1402	1403	1401	0.3800	8033.0000
1403	1404	1402	0.3800	8033.0000
1404	1405	1403	0.3800	8033.0000
1405	1406	1404	0.3800	8033.0000
1406	1407	1405	0.3800	8033.0000
1407	1408	1406	0.3800	8033.0000
1408	1409	1407	0.3800	8033.0000
1409	1410	1408	0.3800	8033.0000
1410	1411	1409	0.3800	8033.0000
1411	1412	1410	0.3800	8033.0000
1412	1413	1411	0.3800	8033.0000
1413	1414	1412	0.3800	8033.0000
1414	1415	1413	0.3800	8033.0000
1415	1416	1414	0.3800	8033.0000
1416	1417	1415	0.3800	8033.0000
1417	1418	1416	0.3800	8033.0000
1418	1419	1417	0.3800	8033.0000
1419	1420	1418	0.3800	8033.0000
1420	1421	1419	0.3800	8033.0000
1421	1422	1420	0.3800	8033.0000
1422	1423	1421	0.3800	8033.0000
1423	1424	1422	0.3800	8033.0000
1424	1425	1423	0.3800	8033.0000
1425	1426	1424	0.3800	8033.0000
1426	1427	1425	0.3800	8033.0000
1427	1428	1426	0.3800	8033.0000
1428	1429	1427	0.3800	8033.0000
1429	1430	1428	0.3800	8033.0000
1430	1431	1429	0.3800	8033.0000
1431	1432	1430	0.3800	8033.0000
1432	1433	1431	0.3800	8033.0000
1433	1434	1432	0.3800	8033.0000
1434	1435	1433	0.3800	8033.0000
1435	1436	1434	0.3800	8033.0000
1436	1437	1435	0.3800	8033.0000
1437	1438	1436	0.3800	8033.0000
1438	1439	1437	0.3800	8033.0000
1439	1440	1438	0.3800	8033.0000
1440	1441	1439	0.3800	8033.0000
1441	1442	1440	0.3800	8033.0000
1442	1443	1441	0.3800	8033.0000
1443	1444	1442	0.3800	8033.0000
1444	1445	1443	0.3800	8033.0000
1445	1446	1444	0.3800	8033.0000
1446	1447	1445	0.3800	8033.0000
1447	1448	1446	0.3800	8033.0000
1448	1449	1447	0.3800	8033.0000
1449	1450	1448	0.3800	8033.0000
1450	1451	1449	0.3800	8033.0000
1451	1452	1450	0.3800	8033.0000
1452	1453	1451	0.3800	8033.0000
1453	1454	1452	0.3800	8033.0000
1454	1455	1453	0.3800	8033.0000
1455	1456	1454	0.3800	8033.0000
1456	1457	1455	0.3800	8033.0000
1457	1458	1456	0.3800	8033.0000
1458	1459	1457	0.3800	8033.0000
1459	1460	1458	0.3800	8033.0000
1460	1461	1459	0.3800	8033.0000
1461	1462	1460	0.3800	8033.0000
1462	1463	1461	0.3800	8033.0000
1463	1464	1462	0.3800	8033.0000
1464	1465	1463	0.3800	8033.0000
1465	1466	1464	0.3800	8033.0000
1466	1467	1465	0.3800	8033.0000
1467	1468	1466	0.3800	8033.0000
1468	1469	1467	0.3800	8033.0000
1469	1470	1468	0.3800	8033.0000
1470	1471	1469	0.3800	8033.0000
1471	1472	1470	0.3800	8033.0000
1472	1473	1471	0.3800	8033.0000
1473	1474	1472	0.3800	8033.0000
1474	1475	1473	0.3800	8033.0000
1475	1476	1474	0.3800	8033.0000
1476	1477	1475	0.3800	8033.0000
1477	1478	1476	0.3800	8033.0000
1478	1479	1477	0.3800	8033.0000
1479	1480	1478	0.3800	8033.0000
1480	1481	1479	0.3800	8033.0000
1481	1482	1480	0.3800	8033.0000
1482	1483	1481	0.3800	8033.0000
1483	1484	1482	0.3800	8033.0000
1484	1485	1483	0.3800	8033.0000
1485	1486	1484	0.3800	8033.0000
1486	1487	1485	0.3800	8033.0000
1487	1488	1486	0.3800	8033.0000
1488	1489	1487	0.3800	8033.0000
1489	1490	1488	0.3800	8033.0000
1490	1491	1489	0.3800	8033.0000
1491	1492	1490	0.3800	8033.0000
1492	1493	1491	0.3800	8033.0000
1493	1494	1492	0.3800	8033.0000
1494	1495	1493	0.3800	8033.0000
1495	1496	1494	0.3800	8033.0000
1496	1497	1495	0.3800	8033.0000
1497	1498	1496	0.3800	8033.0000
1498	1499	1497	0.3800	8033.0000
1499	1500	1498	0.3800	8033.0000
1500	1501	1499	0.3800	8033.0000
1501	1502	1500	0.3800	8033.0000
1502	1503	1501	0.3800	8033.0000
1503	1504	1502	0.3800	8033.0000
1504	1505	1503	0.3800	8033.0000
1505	1506	1504	0.3800	8033.0000
1506	1507	1505	0.3800	8033.0000
1507	1508	1506	0.3800	8033.0000
1508	1509	1507	0.3800	8033.0000
1509	1510	1508	0.3800	8033.0000
1510	1511	1509	0.3800	8033.0000
1511	1512	1510	0.3800	8033.0000
1512	1513	1511	0.3800	8033.0000
1513	1514	1512	0.3800	8033.0000
1514	1515	1513	0.3800	8033.0000
1515	1516	1514	0.3800	8033.0000
1516	1517	1515	0.3800	8033.0000
1517	1518	1516	0.3800	8033.0000
1518	1519	1517	0.3800	8033.0000
1519	1520	1518	0.3800	8033.0000
1520	1521	1519	0.3800	8033.0000
1521	1522	1520	0.3800	8033.0000
1522	1523	1521	0.3800	8033.0000
1523	1524	1522	0.3800	8033.0000
1524	1525	1523	0.3800	8033.0000
1525	1526	1524	0.3800	8033.0000
1526	1527	1525	0.3800	8033.0000
1527	1528	1526	0.3800	8033.0000
1528	1529	1527	0.3800	8033.0000
1529	1530	1528	0.3800	8033.0000
1530	1531	1529	0.3800	8033.0000
1531	1532	1530	0.3800	8033.0000
1532	1533	1531	0.3800	8033.0000
1533	1534	1532	0.3800	8033.0000
1534	1535	1533	0.3800	8033.0000
1535	1536	1534	0.3800	8033.0000
1536	1537	1535	0.3800	8033.0000
1537	1538	1536	0.3800	8033.0000
1538	1539	1537	0.3800	8033.0000
1539	1540	1538	0.3800	8033.0000
1540	1541	1539	0.3800	8033.0000
1541	1542	1540	0.3800	8033.0000
1542	1543	1541	0.3800	8033.0000
1543	1544	1542	0.3800	8033.0000
1544	1545	1543	0.3800	8033.0000
1545	1546	1544	0.3800	8033.0000
1546	1547	1545	0.3800	8033.0000
1547	1548	1546	0.3800	8033.0000
1548	1549	1547	0.3800	8033.0000
1549	1550	1548	0.3800	8033.0000
1550	1551	1549	0.3800	8033.0000
1551	1552	1550	0.3800	8033.0000
1552	1553	1551	0.3800	8033.0000
1553	1554	1552	0.3800	8033.0000
1554	1555	1553	0.3800	8033.0000
1555	1556	1554	0.3800	8033.0000
1556	1557	1555	0.3800	8033.0000
1557	1558	1556	0.3800	8033.0000
1558	1559	1557	0.3800	8033.0000
1559	1560	1558	0.3800	8033.0000
1560	1561	1559	0.3800	8033.0000
1561	1562	1560	0.3800	8033.0000
1562	1563	1561	0.3800	8033.0000
1563	1564	1562	0.3800	8033.0000
1564	1565	1563	0.3800	8033.0000
1565	1566	1564	0.3800	8033.0000
1566	1567	1565	0.3800	8033.0000
1567	1568	1566	0.3800	8033.0000
1568	1569	1567	0.3800	8033.0000
1569	1570	1568	0.3800	8033.0000
1570	1571	1569	0.3800	8033.0000
1571	1572	1570	0.3800	8033.0000
1572	1573	1571	0.3800	8033.0000
1573	1574	1572	0.3800	8033.0000
1574	1575	1573	0.3800	8033.0000
1575	1576	1574	0.3800	8033.0000
1576	1577	1575	0.3800	8033.0000
1577	1578	1576	0.3800	8033.0000
1578	1579	1577	0.3800	8033.0000
1579	1580	1578	0.3800	8033.0000
1580	1581	1579	0.3800	8033.0000
1581	1582	1580	0.3800	8033.0000
1582	1583	1581	0.3800	8033.0000
1583	1584	1582	0.3800	8033.0000
1584	1585	1583	0.3800	8033.0000
1585	1586	1584	0.3800	8033.0000
1586	1587	1585	0.3800	8033.0000
1587	1588	1586	0.3800	8033.0000
1588	1589	1587	0.3800	8033.0000
1589	1590	1588	0.3800	8033.0000
1590	1591	1589	0.3800	8033.0000
1591	1592	1590	0.3800	8033.0000
1592	1593	1591	0.3800	8033.0000
1593	1594	1592	0.3800	8033.0000
1594	1595	1593	0.3800	8033.0000
1595	1596	1594	0.3800	8033.0000
1596	1597	1595	0.3800	8033.0000
1597	1598	1596	0.3800	8033.0000
1598	1599	1597	0.3800	8033.0000
1599	1600	1598	0.3800	8033.0000
1600	1601	1599	0.3800	8033.0000
1601	1602	1600	0.3800	8033.0000
1602	1603	1601	0.3800	8033.0000
1603	1604	1602	0.3800	8033.0000
1604	1605	1603	0.3800	8033.0000
1605	1606	1604	0.3800	8033.0000
1606	1607	1605	0.3800	8033.0000
1607	1608	1606	0.3800	8033.0000
1608	1609	1607	0.3800	8033.0000
1609	1610	1608	0.3800	8033.0000
1610	1611	1609	0.3800	8033.0000
1611	1612	1610	0.3800	8033.0000
1612	1613	1611	0.3800	8033.0000
1613	1614	1612	0.3800	8033.0000
1614	1615	1613	0.3800	8033.0000
1615	1616	1614	0.3800	8033.0000
1616	1617	1615	0.3800	8033.0000
1617	1618	1616	0.3800	8033.0000
1618	1619	1617	0.3800	8033.0000
1619	1620	1618	0.3800	8033.0000
1620	1621	1619	0.3800	8033.0000
1621	1622	1620	0.3800	8033.0000
1622	1623	1621	0.3800	8033.0000
1623	1624	1622	0.3800	8033.0000
1624	1625	1623	0.3800	8033.0000
1625	1626	1624	0.3800	8033.0000
1626	1627	1625	0.3800	8033.0000
1627	1628	1626	0.3800	8033.0000
1628	1629	1627	0.3800	8033.0000
1629	1630	1628	0.3800	8033.0000
1630	1631	1629	0.3800	8033.0000
1631	1632	1630	0.3800	8033.0000
1632	1633	1631	0.3800	8033.0000
1633	1634	1632	0.3800	8033.0000
1634	1635	1633	0.3800	8033.0000
1635	1636	1634	0.3800	8033.0000
1636	1637	1635	0.3800	8033.0000
1637	1638	1636	0.3800	8033.0000
1638	1639	1637	0.3800	8033.0000
1639	1640	1638	0.3800	8033.0000
1640	1641	1639	0.3800	8033.0000
1641	1642	1640	0.3800	8033.0000
1642	1643	1641	0.3800	8033.0000
1643	1644	1642	0.3800	8033.0000
1644	1645	1643	0.3800	8033.0000
1645	1646	1644	0.3800	8033.0000
1646	1647	1645	0.3800	8033.0000
1647	1648	1646	0.3800	8033.0000
1648	1649	1647	0.3800	8033.0000
1649	1650	1648	0.3800	8033.0000
1650	1651	1649	0.3800	8033.0000
1651	1652	1650	0.3800	8033.0000
1652	1653	1651	0.3800	8033.0000
1653	1654	1652	0.3800	8033.0000
1654	1655	1653	0.3800	8033.0000
1655	1656	1654	0.3800	8033.0000
1656	1657	1655	0.3800	8033.0000
1657	1658	1656	0.3800	8033.0000
1658	1659	1657	0.3800	8033.0000
1659	1660	1658	0.3800	8033.0000
1660	1661	1659	0.3800	8033.0000
1661	1662	1660	0.3800	8033.0000
1662	1663	1661	0.3800	8033.0000
1663	1664	1662	0.3800	8033.0000
1664	1665	1663	0.3800	8033.0000
1665	1666	1664	0.3800	8033.0000
1666	1667	1665	0.3800	8033.0000
1667	1668	1666	0.3800	8033.0000
1668	1669	1667	0.3800	8033.0000
1669	1670	1668	0.3800	8033.0000
1670	1671	1669	0.3800	8033.0000
1671	1672	1670	0.3800	8033.0000
1672	1673	1671	0.3800	8033.0000
1673	1674	1672	0.3800	8033.0000
1674	1675	1673	0.3800	8033.0000
1675	1676	1674	0.3800	8033.0000
1676	1677	1675	0.3800	8033.0000
1677	1678	1676	0.3800	8033.0000
1678	1679	1677	0.3800	8033.0000
1679	1680	1678	0.3800	8033.0000
1680	1681	1679	0.3800	8033.0000
1681	1682	1680	0.3800	8033.0000
1682	1683	1681	0.3800	8033.0000
1683	1684	1682	0.3800	8033.0000
1684	1685	1683	0.3800	8033.0000
1685	1686	1684	0.3800	8033.0000
1686	1687	1685	0.3800	8033.0000
1687	1688	1686	0.3800	8033.0000
1688	1689	1687	0.3800	8033.0000
1689	1690	1688	0.3800	8033.0000
1690	1691	1689	0.3800	8033.0000
1691	1692	1690	0.3800	8033.0000
1692	1693	1691	0.3800	8033.0000
1693	1694	1692	0.3800	8033.0000
1694	1695	1693	0.3800	8033.0000
1695	1696	1694	0.3800	8033.0000
1696	1697	1695	0.3800	8033.0000
1697	1698	1696	0.3800	8033.0000
1698	1699	1697	0.3800	8033.0000
1699	1700	1698	0.3800	8033.0000
1700	1701	1699	0.3800	8033.0000
1701	1702	1700	0.3800	8033.0000
1702	1703	1701	0.3800	8033.0000
1703	1704	1702	0.3800	8033.0000
1704	1705	1703	0.3800	8033.0000
1705	1706	1704	0.3800	8033.0000
1706	1707	1705	0.3800	8033.0000
1707	1708	1706	0.3800	8033.0000
1708	1709	1707	0.3800	8033.0000
1709	1710	1708	0.3800	8033.0000
1710	1711	1709	0.3800	8033.0000
1711	1712	1710	0.3800	8033.0000
1712	1713	1711	0.3800	8033.0000
1713	1714	1712	0.3800	8033.0000
1714	1715	1713	0.3800	8033.0000
1715	1716	1714	0.3800	8033.0000
1716	1717	1715	0.3800	8033.0000
1717	1718	1716	0.3800	8033.0000
1718	1719	1717	0.3800	8033.0000
1719	1720	1718	0.3800	8033.0000
1720	1721	1719	0.3800	8033.0000
1721	1722	1720	0.3800	8033.0000
1722	1723	1721	0.3800	8033.0000
1723	1724	1722	0.3800	8033.0000
1724	1725	1723	0.3800	8033.0000
1725	1726	1724	0.3800	8033.0000
1726	1727	1725	0.3800	8033.0000
1727	1728	1726	0.3800	8033.0000
1728	1729	1727	0.3800	8033.0000
1729	1730	1728	0.3800	8033.0000
1730	1731	1729	0.3800	8033.0000
1731	1732	1730	0.3800	8033.0000
1732	1733	1731	0.3800	8033.0000
1733	1734	1732	0.3800	8033.0000
1734	1735	1733	0.3800	8033.0000
1735	1736	1734	0.3800	8033.0000
1736	1737	1735	0.3800	8033.0000
1737	1738	1736	0.3800	8033.0000
1738	1739	1737	0.3800	8033.0000
1739	1740	1738	0.3800	8033.0000
1740	1741	1739	0.3800	8033.0000
1741	1742	1740	0.3800	8033.0000
1742	1743	1741	0.3800	8033.0000
1743	1744	1742	0.3800	8033.0000
1744	1745	1743	0.3800	8033.0000
1745	1746	1744	0.3800	8033.0000
1746	1747	1745	0.3800	8033.0000
1747	1748	1746	0.3800	8033.0000
1748	1749	1747	0.3800	8033.0000
1749	1750	1748	0.3800	8033.0000
1750	1751	1749	0.3800	8033.0000
1751	1752	1750	0.3800	8033.0000
1752	1753	1751	0.3800	8033.0000
1753	1754	1752	0.3800	8033.0000
1754	1755	1753	0.3800	8033.0000
1755	1756	1754	0.3800	8033.0000
1756	1757	1755	0.3800	8033.0000
1757	1758	1756	0.3800	8033.0000
1758	1759	1757	0.3800	8033.0000
1759	1760	1758	0.3800	8033.0000
1760	1761	1759	0.3800	8033.0000
1761	1762	1760	0.3800	8033.0000
1762	1763	1761	0.3800	8033.0000
1763	1764	1762	0.3800	8033.0000
1764	1765	1763	0.3800	8033.0000
1765	1766	1764	0.3800	8033.0000
1766	1767	1765	0.3800	8033.0000
1767	1768	1766	0.3800	8033.0000
1768	1769	1767	0.3800	8033.0000
1769	1770	1768	0.3800	8033.0000
1770	1771	1769	0.3800	8033.0000
1771	1772	1770	0.3800	8033.0000
1772	1773	1771	0.3800	8033.0000
1773	1774	1772	0.3800	8033.0000
1774	1775	1773	0.3800	8033.0000
1775	1776	1774	0.3800	8033.0000
1776	1777	1775	0.3800	8033.0000
1777	1778	1776	0.3800	8033.0000
1778	1779	1777	0.3800	8033.0000
1779	1780	1778	0.3800	8033.0000
1780	1781	1779	0.3800	8033.0000
1781	1782	1780	0.3800	8033.0000
1782	1783	1781	0.3800	8033.0000
1783	1784	1782	0.3800	8033.0000
1784	1785	1783	0.3800	8033.0000
1785	1786	1784	0.3800	8033.0000
1786	1787	1785	0.3800	8033.0000
1787	1788	1786	0.3800	8033.0000
1788	1789	1787	0.3800	8033.0000
1789	1790	1788	0.3800	8033.0000
1790	1791	1789	0.3800	8033.0000
1791	1792	1790	0.3800	8033.0000
1792	1793	1791	0.3800	8033.0000
1793	1794	1792	0.3800	8033.0000
1794	1795	1793	0.3800	8033.0000
1795	1796	1794	0.3800	8033.0000
1796	1797	1795	0.3800	8033.0000
1797	1798	1796	0.3800	8033.0000
1798	1799	1797	0.3800	8033.0000
1799	1800	1798	0.3800	8033.0000
1800	1801	1799	0.3800	8033.0000
1801	1802	1800	0.3800	8033.0000
1802	1803	1801	0.3800	8033.0000
1803	1804	1802	0.3800	8033.0000
1804	1805	1803	0.3800	8033.0000
1805	1806	1804	0.3800	8033.0000
1806	1807	1805	0.3800	8033.0000
1807	1808	1806	0.3800	8033.0000
1808	1809	1807	0.3800	8033.0000
1809	1810	1808	0.3800	8033.0000
1810	1811	1809	0.3800	8033.0000
1811	1812	1810	0.3800	8033.0000
1812	1813	1811	0.3800	8033.0000
1813	1814	1812	0.3800	8033.0000
1814	1815	1813	0.3800	8033.0000
1815	1816	1814	0.3800	8033.0000
1816	1817	1815	0.3800	8033.0000
1817	1818	1816	0.3800	8033.0000
1818	1819	1817	0.3800	8033.0000
1819	1820	1818	0.3800	8033.0000
1820	1821	1819	0.3800	8033.0000
1821	1822	1820	0.3800	8033.0000
1822	1823	1821	0.3800	8033.0000
1823	1824	1822	0.3800	8033.0000
1824	1825	1823	0.3800	8033.0000
1825	1826	1824	0.3800	8033.0000
1826	1827	1825	0.3800	8033.0000
1827	1828	1826	0.3800	8033.0000
1828	1829	1827	0.3800	8033.0000
1829	1830	1828	0.3800	8033.0000
1830	1831	1829	0.3800	8033.0000
1831	1832	1830	0.3800	8033.0000
1832	1833	1831	0.3800	8033.0000
1833	1834	1832	0.3800	8033.0000
1834	1835	1833	0.3800	8033.0000
1835	1836	1834	0.3800	8033.0000
1836	1837	1835	0.3800	8033.0000
1837	1838	1836	0.3800	8033.0000
1838	1839	1837	0.3800	8033.0000
1839	1840	1838	0.3800	8033.0000
1840	1841	1839	0.3800	8033.0000
1841	1842	1840	0.3800	8033.0000
1842	1843	1841	0.3800	8033.0000
1843	1844	1842	0.3800	8033.0000
1844	1845	1843	0.3800	8033.0000
1845	1846	1844	0.3800	8033.0000
1846	1847	1845	0.3800	8033.0000
1847	1848	1846	0.3800	8033.0000
1848	1849	1847	0.3800	8033.0000
1849	1850	1848	0.3800	8033.0000
1850	1851	1849	0.3800	8033.0000
1851	1852	1850	0.3800	8033.0000
1852	1853	1851	0.3800	8033.0000
1853	1854	1852	0.3800	8033.0000
1854	1855	1853	0.3800	8033.0000
1855	1856	1854	0.3800	8033.0000
1856	1857	1855	0.3800	8033.0000
1857	1858	1856	0.3800	8033.0000
1858	1859	1857	0.3800	8033.0000
1859	1860	1858	0.3800	8033.0000
1860	1861	1859	0.3800	8033.0000
1861	1862	1860	0.3800	8033.0000
1862	1863	1861	0.3800	8033.0000
1863	1864	1862	0.3800	8033.0000
1864	1865	1863	0.3800	8033.0000
1865	1866	1864	0.3800	8033.0000
1866	1867	1865	0.3800	8033.0000
1867	1868	1866	0.3800	8033.0000
1868	1869	1867	0.3800	8033.0000
1869	1870	1868	0.3800	8033.0000
1870	1871	1869	0.3800	8033.0000
1871	1872	1870	0.3800	8033.0000
1872	1873	1871	0.3800	8033.0000
1873	1874	1872	0.3800	8033.0000
1874	1875	1873	0.3800	8033.0000
1875	1876	1874	0.3800	8033.0000
1876	1877	1875	0.3800	8033.0000
1877	1878	1876	0.3800	8033.0000
1878	1879	1877	0.3800	8033.0000
1879	1880	1878	0.3800	8033.0000
1880	1881	1879	0.3800	8033.0000
1881	1882	1880	0.3800	8033.0000
1882	1883	1881	0.3800	8033.0000
1883	1884	1882	0.3800	8033.0000
1884	1885	1883	0.3800	8033.0000
1885	1886	1884	0.3800	8033.0000
1886	1887	1885	0.3800	8033.0000
1887	1888	1886	0.3800	8033.0000
1888	1889	1887	0.3800	8033.0000
1889	1890	1888	0.3800	8033.0000
1890	1891	1889	0.3800	8033.0000
1891	1892	1890	0.3800	8033.0000
1892	1893	1891	0.3800	8033.0000
1893	1894	1892	0.3800	8033.0000
1894	1895	1893	0.3800	8033.0000
1895	1896	1894	0.3800	8033.0000
1896	1897	1895	0.3800	8033.0000
1897	1898	1896	0.3800	8033.0000
1898	1899	1897	0.3800	8033.0000
1899	1900	1898	0.3800	8033.0000
1900	1901	1899	0.3800	8033.0000
1901	1902	1900	0.3800	8033.0000
1902	1903	1901	0.3800	8033.0000
1903	1904	1902	0.3800	8033.0000
1904	1905	1903	0.3800	8033.0000
1905	1906	1904	0.3800	8033.0000
1906	1907	1905	0.3800	8033.0000
1907	1908	1906	0.3800	8033.0000
1908	1909	1907	0.3800	8033.0000
1909	1910	1908	0.3800	8033.0000
1910	1911	1909	0.3800	8033.0000
1911	1912	1910	0.3800	8033.0000
1912	1913	1911	0.3800	8033.0000
1913	1914	1912	0.3800	8033.0000
1914	1915	1913	0.3800	8033.0000
1915	1916	1914	0.3800	8033.0000
1916	1917	1915	0.3800	8033.0000
1917	1918	1916	0.3800	8033.0000
1918	1919	1917	0.3800	8033.0000
1919	1920	1918	0.3800	8033.0000
1920	1921	1919	0.3800	8033.0000
1921	1922	1920	0.3800	8033.0000
1922	1923	1921	0.3800	8033.0000
1923	1924	1922	0.3800	8033.0000
1924	1925	1923	0.3800	8033.0000
1925	1926	1924	0.3800	8033.0000
1926	1927	1925	0.3800	8033.0000
1927	1928	1926	0.3800	8033.0000
1928	1929	1927	0.3800	8033.0000
1929	1930	1928	0.3800	8033.0000
1930	1931	1929	0.3800	8033.0000
1931	1932	1930	0.3800	8033.0000
1932	1933	1931	0.3800	8033.0000
1933	1934	1932	0.3800	8033.0000
1934	1935	1933	0.3800	8033.0000
1935	1936	1934	0.3800	8033.0000
1936	1937	1935	0.3800	8033.0000
1937	1938	1936	0.3800	8033.0000
1938	1939	1937	0.3800	8033.0000
1939	1940	1938	0.3800	8033.0000
1940	1941	1939	0.3800	8033.0000
1941	1942	1940	0.3800	8033.0000
1942	1943	1941	0.3800	8033.0000
1943	1944	1942	0.3800	8033.0000
1944	1945	1943	0.3800	8033.0000
1945	1946	1944	0.3800	8033.0000
1946	1947	1945	0.3800	8033.0000
1947	1948	1946	0.3800	8033.0000
1948	1949	1947	0.3800	8033.0000
1949	1950	1948	0.3800	8033.0000
1950	1951	1949	0.3800	8033.0000
1951	1952	1950	0.3800	8033.0000
1952	1953	1951	0.3800	8033.0000
1953	1954	1952	0.3800	8033.0000
1954	1955	1953	0.3800	8033.0000
1955	1956	1954	0.3800	8033.0000
1956	1957	1955	0.3800	8033.0000
1957	1958	1956	0.3800	8033.0000
1958	1959	1957	0.3800	8033.0000
1959	1960	1958	0.3800	8033.0000
1960	1961	1959	0.3800	8033.0000
1961	1962	1960	0.3800	8033.0000
1962	1963	1961	0.3800	8033.0000
1963	1964	1962	0.3800	8033.0000
1964	1965	1963	0.3800	8033.0000
1965	1966	1964	0.3800	8033.0000
1966	1967	1965	0.3800	8033.0000
1967	1968	1966	0.3800	8033.0000
1968	1969	1967	0.3800	8033.0000
1969	1970	1968	0.3800	8033.0000
1970	1971	1969	0.3800	8033.0000
1971	1972	1970	0.3800	8033.0000
1972	1973	1971	0.3800	8033.0000
1973	1974	1972	0.3800	8033.0000
1974	1975	1973	0.3800	8033.0000
1975	1976	1974	0.3800	8033.0000
1976	1977	1975	0.3800	8033.0000
1977	1978	1976	0.3800	8033.0000
1978	1979	1977	0.3800	8033.0000
1979	1980	1978	0.3800	8033.0000
1980	1981	1979	0.3800	8033.0000
1981	1982	1980	0.3800	8033.0000
1982	1983	1981	0.3800	8033.0000
1983	1984	1982	0.3800	8033.0000
1984	1985	1983	0.3800	8033.0000
1985	1986	1984	0.3800	8033.0000
1986	1987	1985	0.3800	8033.0000
1987	1988	1986	0.3800	8033.0000
1988	1989	1987	0.3800	8033.0000
1989	1990	1988	0.3800	8033.0000
1990	1991	1989	0.3800	8033.0000
1991	1992	1990	0.3800	8033.0000
1992	1993	1991	0.3800	8033.0000
1993	1994	1992	0.3800	8033.0000
1994	1995	1993	0.3800	8033.0000
1995	1996	1994	0.3800	8033.0000
1996	1997	1995	0.3800	8033.0000
1997	1998	1996	0.3800	8033.0000
1998	1999	1997	0.3800	8033.0000
1999	2000	1998	0.3800	8033.0000
2000	2001	1999	0.3800	8033.0000
2001	2002	2000	0.3800	8033.0000
2002	2003	2001	0.3800	8033.0000
2003	2004	2002	0.3800	8033.0000
2004	2005	2003	0.3800	8033.0000
2005	2006	2004	0.3800	8033.0000
2006	2007	2005	0.3800	8033.0000
2007	2008	2006	0.3800	8033.0000
2008	2009	2007	0.3800	8033.0000
2009	2010	2008	0.3800	8033.0000
2010	2011	2009	0.3800	8033.0000
2011	2012	2010	0.3800	8033.0000
2012	2013	2011	0.3800	8033.0000
2013	2014	2012	0.3800	8033.0000
2014	2015	2013	0.3800	8033.0000
2015	2016	2014	0.3800	8033.0000
2016	2017	2015	0.3800	8033.0000
2017	2018	2016	0.3800	8033.0000
2018	2019	2017	0.3800	8033.0000
2019	2020	2018	0.3800	8033.0000
2020	2021	2019	0.3800	8033.0000
2021	2022	2020	0.3800	8033.0000
2022	2023	2021	0.3800	8033.0000
2023	2024	2022	0.3800	8033.0000
2024	2025	2023	0.3800	8033.0000
2025	2026	2024	0.3800	8033.0000
2026	2027	2025	0.3800	8033.0000
2027	2028	2026	0.3800	8033.0000
2028	2029	2027	0.3800	8033.0000
2029	2030	2028	0.3800	8033.0000
2030	2031	2029	0.3800	8033.0000
2031	2032	2030	0.3800	8033.0000
2032	2033	2031	0.3800	8033.0000
2033	2034	2032	0.3800	8033.0000
2034	2035	2033	0.3800	8033.0000
2035	2036	2034	0.3800	8033.0000
2036	2037	2035	0.3800	8033.0000
2037	2038	2036	0.3800	8033.0000
2038	2039	2037	0.3800	8033.0000
2039	2040	2038	0.3800	8033.0000
2040	2041	2039	0.3800	8033.0000
2041	2042	2040	0.3800	8033.0000
2042	2043	2041	0.3800	8033.0000
2043	2044	2042	0.3800	8033.0000
2044	2045	2043	0.3800	8033.0000
2045	2046	2044	0.3800	8033.0000
2046	2047	2045	0.3800	8033.0000
2047	2048	2046	0.3800	8033.0000
2048	2049	2047	0.3800	8033.0000
2049	2050	2048	0.3800	8033.0000
2050	2051	2049	0.3800	8033.0000
2051	2052	2050	0.3800	8033.0000
2052	2053	2051	0.3800	8033.0000
2053	2054	2052	0.3800	8033.0000
2054	2055	2053	0.3800	8033.0000
2055	2056	2054	0.3800	8033.0000
2056	2057	2055	0.3800	8033.0000
2057	2058	2056	0.3800	8033.0000
2058	2059	2057	0.3800	8033.0000
2059	2060	2058	0.3800	8033.0000
2060	2061	2059	0.3800	8033.0000
2061	2062	2060	0.3800	8033.0000
2062	2063	2061	0.3800	8033.0000
2063	2064	2062	0.3800	8033.0000
2064	2065	2063	0.3800	8033.0000
2065	2066	2064	0.3800	8033.0000
2066	2067	2065	0.3800	8033.0000
2067	2068	2066	0.3800	8033.0000
2068	2069	2067	0.3800	8033.0000
2069	2070	2068	0.3800	8033.0000
2070	2071	2069	0.3800	8033.0000
2071	2072	2070	0.3800	8033.0000
2072	2073	2071	0.3800	8033.0000
2073	2074	2072	0.3800	8033.0000
2074	2075	2073	0.3800	8033.0000
2075	2076	2074	0.3800	8033.0000
2076	2077	2075	0.3800	8033.0000
2077	2078	2076	0.3800	8033.0000
2078	2079	2077	0.3800	8033.0000
2079	2080	2078	0.3800	8033.0000
2080	2081	2079	0.3800	8033.0000
2081	2082	2080	0.3800	8033.0000
2082	2083	2081	0.3800	8033.0000
2083	2084	2082	0.3800	8033.0000
2084	2085	2083	0.3800	8033.0000
2085	2086	2084	0.3800	8033.0000
2086	2087	2085	0.3800	8033.0000
2087	2088	2086	0.3800	8033.0000
2088	2089	2087	0.3800	8033.0000
2089	2090	2088	0.3800	8033.0000
2090	2091	2089	0.3800	8033.0000
2091	2092	2090	0.3800	8033.0000
2092	2093	2091	0.3800	8033.0000
2093	2094	2092	0.3800	8033.0000
2094	2095	2093	0.3800	8033.0000
2095	2096	2094	0.3800	8033.0000
2096	2097	2095	0.3800	8033.0000
2097	2098	2096	0.3800	8033.0000
2098	2099	2097	0.3800	8033.0000
2099	2100	2098	0.3800	8033.0000
2100	2101	2099	0.3800	8033.0000
2101	2102	2100	0.3800	8033.0000
2102	2103	2101	0.3800	8033.0000
2103	2104	2102	0.3800	8033.0000
2104	2105	2103	0.3800	8033.0000
2105	2106	2104	0.3800	8033.0000
2106	2107	2105	0.3800	8033.0000
2107	2108	2106	0.3800	8033.0000
2108	2109	2107	0.3800	8033.0000
2109	2110	2108	0.3800	8033.0000
2110	2111	2109	0.3800	8033.0000
2111	2112	2110	0.3800	8033.0000
2112	2113	2111	0.3800	8033.0000
2113	2114	2112	0.3800	8033.0000
2114	2115	2113	0.3800	8033.0000
2115	2116	2114	0.3800	8033.0000
2116	2117	2115	0.3800	8033.0000
2117	2118	2116	0.3800	8033.0000
2118	2119	2117	0.3800	8033.0000
2119	2120	2118	0.3800	8033.0000
2120	2121	2119	0.3800	8033.0000
2121	2122	2120	0.3800	8033.0000
2122	2123	2121	0.3800	8033.0000
2123	2124	2122	0.3800	8033.0000
2124	2125	2123	0.3800	8033.0000
2125	2126	2124	0.3800	8033.0000
2126	2127	2125	0.3800	8033.0000
2127	2128	2126	0.3800	8033.0000
2128	2129	2127	0.3800	8033.0000
2129	2130	2128	0.3800	8033.0000
2130	2131	2129	0.3800	8033.0000
2131	2132	2130	0.3800	8033.0000
2132	2133	2131	0.3800	8033.0000
2133	2134	2132	0.3800	8033.0000
2134	2135	2133	0.3800	8033.0000
2135	2136	2134	0.3800	8033.0000
2136	2137	2135	0.3800	8033.0000
2137	2138	2136	0.3800	8033.0000
2138	2139	2137	0.3800	8033.0000
2139	2140	2138	0.3800	8033.0000
2140	2141	2139	0.3800	8033.0000
2141	2142	2140	0.3800	8033.0000
2142	2143	2141	0.3800	8033.0000
2143	2144	2142	0.3800	8033.0000
2144	2145	2143	0.3800	8033.0000
2145	2146	2144	0.3800	8033.0000
2146	2147	2145	0.3800	8033.0000
2147	2148	2146	0.3800	8033.0000
2148	2149	2147	0.3800	8033.0000
2149	2150	2148	0.3800	8033.0000
2150	2151	2149	0.3800	8033.0000
2151	2152	2150	0.3800	8033.0000
2152	2153	2151	0.3800	8033.0000
2153	2154	2152	0.3800	8033.0000
2154	2155	2153	0.3800	8033.0000
2155	2156	2154	0.3800	8033.0000
2156	2157	2155	0.3800	8033.0000
2157	2158	2156	0.3800	8033.0000
2158	2159	2157	0.3800	8033.0000
2159	2160	2158	0.3800	8033.0000
2160	2161	2159	0.3800	8033.0000
2161	2162	2160	0.3800	8033.0000
2162	2163	2161	0.3800	8033.0000
2163	2164	2162	0.3800	8033.0000
2164	2165	2163	0.3800	8033.0000
2165	2166	2164	0.3800	8033.0000
2166	2167	2165	0.3800	8033.0000
2167	2168	2166	0.3800	8033.0000
2168	2169	2167	0.3800	8033.0000
2169	2170	2168	0.3800	8033.0000
2170	2171	2169	0.3800	8033.0000
2171	2172	2170	0.3800	8033.0000
2172	2173	2171	0.3800	8033.0000
2173	2174	2172	0.3800	8033.0000
2174	2175	2173	0.3800	8033.0000
2175	2176	2174	0.3800	8033.0000
2176	2177	2175	0.3800	8033.0000
2177	2178	2176	0.3800	8033.0000
2178	2179	2177	0.3800	8033.0000
2179	2180	2178	0.3800	8033.0000
2180	2181	2179	0.3800	8033.0000
2181	2182	2180	0.3800	8033.0000
2182	2183	2181	0.3800	8033.0000
2183	2184	2182	0.3800	8033.0000
2184	2185	2183	0.3800	8033.0000
2185	2186	2184	0.3800	8033.0000
2186	2187	2185	0.3800	8033.0000
2187	2188	2186	0.3800	8033.0000
2188	2189	2187	0.3800	8033.0000
2189	2190	2188	0.3800	8033.0000
2190	2191	2189	0.3800	8033.0000
2191	2192	2190	0.3800	8033.0000
2192	2193	2191	0.3800	8033.0000
2193	2194	2192	0.3800	8033.0000
2194	2195	2193	0.3800	8033.0000
2195	2196	2194	0.3800	8033.0000
2196	2197	2195	0.3800	8033.0000
2197	2198	2196	0.3800	8033.0000
2198	2199	2197	0.3800	8033.0000
2199	2200	2198	0.3800	8033.0000
2200	2201	2199	0.3800	8033.0000
2201	2202	2200	0.3800	8033.0000
2202	2203	2201	0.3800	8033.0000
2203	2204	2202	0.3800	8033.0000
2204	2205	2203	0.3800	8033.0000
2205	2206	2204	0.3800	8033.0000
2206	2207	2205	0.3800	8033.0000
2207	2208	2206	0.3800	8033.0000
2208	2209	2207	0.3800	8033.0000
2209	2210	2208	0.3800	8033.0000
2210	2211	2209	0.3800	8033.0000
2211	2212	2210	0.3800	8033.0000
2212	2213	2211	0.3800	8033.0000
2213	2214	2212	0.3800	8033.0000
2214	2215	2213	0.3800	8033.0000
2215	2216	2214	0.3800	8033.0000
2216	2217	2215	0.3800	8033.0000
2217	2218	2216	0.3800	8033.0000
2218	2219	2217	0.3800	8033.0000
2219	2220	2218	0.3800	8033.0000
2220	2221	2219	0.3800	8033.0000
2221	2222	2220	0.3800	8033.0000
2222	2223	2221	0.3800	8033.0000
2223	2224	2222	0.3800	8033.0000
2224	2225	2223	0.3800	8033.0000
2225	2226	2224	0.3800	8033.0000
2226	2227	2225	0.3800	8033.0000
2227	2228	2226	0.3800	8033.0000
2228	2229	2227	0.3800	8033.0000
2229	2230	2228	0.3800	8033.0000
2230	2231	2229	0.3800	8033.0000
2231	2232	2230	0.3800	8033.0000
2232	2233	2231	0.3800	8033.0000
2233	2234	2232	0.3800	8033.0000
2234	2235	2233	0.3800	8033.0000
2235	2236	2234	0.3800	8033.0000
2236	2237	2235	0.3800	8033.0000
2237	2238	2236	0.3800	8033.0000
2238	2239	2237	0.3800	8033.0000
2239	2240	2238	0.3800	8033.0000
2240	2241	2239	0.3800	8033.0000
2241	2242	2240	0.3800	8033.0000
2242	2243	2241	0.3800	8033.0000
2243	2244	2242	0.3800	8033.0000
2244	2245	2243	0.3800	8033.0000
2245	2246	2244	0.3800	8033.0000
2246	2247	2245	0.3800	8033.0000
2247	2248	2246	0.3800	8033.0000
2248	2249	2247	0.3800	8033.0000
2249	2250	2248	0.3800	8033.0000
2250	2251	2249	0.3800	8033.0000
2251	2252	2250	0.3800	8033.0000
2252	2253	2251	0.3800	8033.0000
2253	2254	2252	0.3800	8033.0000
2254	2255	2253	0.3800	8033.0000
2255	2256	2254	0.3800	8033.0000
2256	2257	2255	0.3800	8033.0000
2257	2258	2256	0.3800	8033.0000
2258	2259	2257	0.3800	8033.0000
2259	2260	2258	0.3800	8033.0000
2260	2261	2259	0.3800	8033.0000
2261	2262	2260	0.3800	8033.0000
2262	2263	2261	0.3800	8033.0000
2263	2264	2262	0.3800	8033.0000
2264	2265	2263	0.3800	8033.0000
2265	2266	2264	0.3800	8033.0000
2266	2267	2265	0.3800	8033.0000
2267	2268	2266	0.3800	8033.0000
2268	2269	2267	0.3800	8033.0000
2269	2270	2268	0.3800	8033.0000
2270	2271	2269	0.3800	8033.0000
2271	2272	2270	0.3800	8033.0000
2272	2273	2271	0.3800	8033.0000
2273	2274	2272	0.3800	8033.0000
2274	2275	2273	0.3800	8033.0000
2275	2276	2274	0.3800	8033.0000
2276	2277	2275	0.3800	8033.0000
2277	2278	2276	0.3800	8033.0000
2278	2279	2277	0.3800	8033.0000
2279	2280	2278	0.3800	8033.0000
2280	2281	2279	0.3800	8033.0000
2281	2282	2280	0.3800	8033.0000
2282	2283	2281	0.3800	8033.0000
2283	2284	2282	0.3800	8033.0000
2284	2285	2283	0.3800	8033.0000
2285	2286	2284	0.3800	8033.0000
2286	2287	2285	0.3800	8033.0000
2287	2288	2286	0.3800	8033.0000
2288	2289	2287	0.3800	8033.0000
2289	2290	2288	0.3800	8033.0000
2290	2291	2289	0.3800	8033.0000
2291	2292	2290	0.3800	8033.0000
2292	2293	2291	0.3800	8033.0000
2293	2294	2292	0.3800	8033.0000
2294	2295	2293	0.3800	8033.0000
2295	2296	2294	0.3800	8033.0000
2296	2297	2295	0.3800	8033.0000
2297	2298	2296	0.3800	8033.0000
2298	2299	2297	0.3800	8033.0000
2299	2300	2298	0.3800	8033.0000
2300	2301	2299	0.3800	8033.0000
2301	2302	2300	0.3800	8033.0000
2302	2303	2301	0.3800	8033.0000
2303	2304	2302	0.3800	8033.0000
2304	2305	2303	0.3800	8033.0000
2305	2306	2304	0.3800	8033.0000
2306	2307	2305	0.3800	8033.0000
2307	2308	2306	0.3800	8033.0000
2308	2309	2307	0.3800	8033.0000
2309	2310	2308	0.3800	8033.0000
2310	2311	2309	0.3800	8033.0000
2311	2312	2310	0.3800	8033.0000
2312	2313	2311	0.3800	8033.0000
2313	2314	2312	0.3800	8033.0000
2314	2315	2313	0.3800	8033.0000
2315	2316	2314	0.3800	8033.0000
2316	2317	2315	0.3800	8033.0000
2317	2318	2316	0.3800	8033.0000
2318	2319	2317	0.3800	8033.0000
2319	2320	2318	0.3800	8033.0000
2320	2321	2319	0.3800	8033.0000
2321	2322	2320	0.3800	8033.0000
2322	2323	2321	0.3800	8033.0000
2323	2324	2322	0.3800	8033.0000
2324	2325	2323	0.3800	8033.0000
2325	2326	2324	0.3800	8033.0000
2326	2327	2325	0.3800	8033.0000
2327	2328	2326	0.3800	8033.0000
2328	2329	2327	0.3800	8033.0000
2329	2330	2328	0.3800	8033.0000
2330	2331	2329	0.3800	8033.0000
2331	2332	2330	0.3800	8033.0000
2332	2333	2331	0.3800	8033.0000
2333	2334	2332	0.3800	8033.0000
2334	2335	2333	0.3800	8033.0000
2335	2336	2334	0.3800	8033.0000
2336	2337	2335	0.3800	8033.0000
2337	2338	2336	0.3800	8033.0000
2338	2339	2337	0.3800	8033.0000
2339	2340	2338	0.3800	8033.0000
2340	2341	2339	0.3800	8033.0000
2341	2342	2340	0.3800	8033.0000
2342	2343	2341	0.3800	8033.0000
2343	2344	2342	0.3800	8033.0000
2344	2345	2343	0.3800	8033.0000
2345	2346	2344	0.3800	8033.0000
2346	2347	2345	0.3800	8033.0000
2347	2348	2346	0.3800	8033.0000
2348	2349	2347	0.3800	8033.0000
2349	2350	2348	0.3800	8033.0000
2350	2351	2349	0.3800	8033.0000
2351	2352	2350	0.3800	8033.0000
2352	2353	2351	0.3800	8033.0000
2353	2354	2352	0.3800	8033.0000
2354	2355	2353	0.3800	8033.0000
2355	2356	2354	0.3800	8033.0000
2356	2357	2355	0.3800	8033.0000
2357	2358	2356	0.3800	8033.0000
2358	2359	2357	0.3800	8033.0000
2359	2360	2358	0.3800	8033.0000
2360	2361	2359	0.3800	8033.0000
2361	2362	2360	0.3800	8033.0000
2362	2363	2361	0.3800	8033.0000
2363	2364	2362	0.3800	8033.0000
2364	2365	2363	0.3800	8033.0000
2365	2366	2364	0.3800	8033.0000
2366	2367	2365	0.3800	8033.0000
2367	2368	2366	0.3800	8033.0000
2368	2369	2367	0.3800	8033.0000
2369	2370	2368	0.3800	8033.0000
2370	2371	2369	0.3800	8033.0000
2371	2372	2370	0.3800	8033.0000
2372	2373	2371	0.3800	8033.0000
2373	2374	2372	0.3800	8033.0000
2374	2375	2373	0.3800	8033.0000
2375	2376	2374	0.3800	8033.0000
2376	2377	2375	0.3800	8033.0000
2377	2378	2376	0.3800	8033.0000
2378	2379	2377	0.3800	8033.0000
2379	2380	2378	0.3800	8033.0000
2380	2381	2379	0.3800	8033.0000
2381	2382	2380	0.3800	8033.0000
2382	2383	2381	0.3800	8033.0000
2383	2384	2382	0.3800	8033.0000
2384	2385	2383	0.3800	8033.0000
2385	2386	2384	0.3800	8033.0000
2386	2387	2385	0.3800	8033.0000
2387	2388	2386	0.3800	8033.0000
2388	2389	2387	0.3800	8033.0000
2389	2390	2388	0.3800	8033.0000
2390	2391	2389	0.3800	8033.0000
2391	2392	2390	0.3800	8033.0000
2392	2393	2391	0.3800	8033.0000
2393	2394	2392	0.3800	8033.0000
2394	2395	2393	0.3800	8033.0000
2395	2396	2394	0.3800	8033.0000
2396	2397	2395	0.3800	8033.0000
2397	2398	2396	0.3800	8033.0000
2398	2399	2397	0.3800	8033.0000
2399	2400	2398	0.3800	8033.0000
2400	2401	2399	0.3800	8033.0000
2401	2402	2400	0.3800	8033.0000
2402	2403	2401	0.3800	8033.0000
2403	2404	2402	0.3800	8033.0000
2404	2405	2403	0.3800	8033.0000
2405	2406	2404	0.3800	8033.0000
2406	2407	2405	0.3800	8033.0000
2407	2408	2406	0.3800	8033.0000
2408	2409	2407	0.3800	8033.0000
2409	2410	2408	0.3800	8033.0000
2410	2411	2409	0.3800	8033.0000
2411	2412	2410	0.3800	8033.0000
2412	2413	2411	0.3800	8033.0000
2413	2414	2412	0.3800	8033.0000
2414	2415	2413	0.3800	8033.0000
2415	2416	2414	0.3800	8033.0000
2416	2417	2415	0.3800	8033.0000
2417	2418	2416	0.3800	8033.0000
2418	2419	2417	0.3800	8033.0000
2419	2420	2418	0.3800	8033.0000
2420	2421	2419	0.3800	8033.0000
2421	2422	2420	0.3800	8033.0000
2422	2423	2421	0.3800	8033.0000
2423	2424	2422	0.3800	8033.0000
2424	2425	2423	0.3800	8033.0000
2425	2426	2424	0.3800	8033.0000
2426	2427	2425	0.3800	8033.0000
2427	2428	2426	0.3800	8033.0000
2428	2429	2427	0.3800	8033.0000
2429	2430	2428	0.3800	8033.0000
2430	2431	2429	0.3800	8033.0000
2431	2432	2430	0.3800	8033.0000
2432	2433	2431	0.3800	8033.0000
2433	2434	2432	0.3800	8033.0000
2434	2435	2433	0.3800	8033.0000
2435	2436	2434	0.3800	8033.0000
2436	2437	2435	0.3800	8033.0000
2437	2438	2436	0.3800	8033.0000
2438	2439	2437	0.3800	8033.0000
2439	2440	2438	0.3800	8033.0000
2440	2441	2439	0.3800	8033.0000
2441	2442	2440	0.3800	8033.0000
2442	2443	2441	0.3800	8033.0000
2443	2444	2442	0.3800	8033.0000
2444	2445	2443	0.3800	8033.0000
2445	2446	2444	0.3800	8033.0000
2446	2447	2445	0.3800	8033.0000
2447	2448	2446	0.3800	8033.0000
2448	2449	2447	0.3800	8033.0000
2449	2450	2448	0.3800	8033.0000
2450	2451	2449	0.3800	8033.0000
2451	2452	2450	0.3800	8033.0000
2452	2453	2451	0.3800	8033.0000
2453	2454	2452	0.3800	8033.0000
2454	2455	2453	0.3800	8033.0000
2455	2456	2454	0.3800	8033.0000
2456	2457	2455	0.3800	8033.0000
2457	2458	2456	0.3800	8033.0000
2458	2459	2457	0.3800	8033.0000
2459	2460	2458	0.3800	8033.0000
2460	2461	2459	0.3800	8033.0000
2461	2462	2460	0.3800	8033.0000
2462	2463	2461	0.3800	8033.0000
2463	2464	2462	0.3800	8033.0000
2464	2465	2463	0.3800	8033.0000
2465	2466	2464	0.3800	8033.0000
2466	2467	2465	0.3800	8033.0000
